Appliance simulation output sheet,,,,,,,,,,,,,,,,,,,,,,,,,,,,,,,,,,,,,,,
,,,,,,,Power factor,,,,,,,,,,,,,,,,,,,,,,,,,,,,,,,,
,,,,,,,0.8,0.8,0.8,0.8,1,1,1,1,1,1,1,0.9,0.9,0.9,0.9,0.9,0.9,1,1,1,1,1,1,1,0.8,0.8,0.8,0.8,1,1,1,1,1
,,,,,,,0.2,0.2,0.2,4,0,0,0,0,0,0,0,0.1,0.1,0.1,0.1,0.1,0.1,0,0,0,0,0,0,0,0.2,0.2,0.2,0.2,0,0,0,0,0
,,,,,,,,,,we,,,,,,,,,,,,,,,,,,,,,,,,,,,,,
,,,,,,,,,,6,,,,,,,,,,,,,,,,,,,,,,,,,,,,,
,,,,,,,,,,,,,,,,,,,,,,,,,,,,,,,,,,,,,,,
,,Active,Total dwelling,Total lighting ,Total appliance,Q,,,,,,,,,,,,,,,,,,,,,,,,,,,,,,,,,
Minute,,occupant,power,power,power,,Appliance power demand ,,,,,,,,,,,,,,,,,,,,,,,,,,,,,,,,
of day,Time,count,demand,demand,demand,,CHEST_FREEZER,FRIDGE_FREEZER,FRIDGE,UPRIGHT_FREEZER,ANSWER_MACHINE,CD_PLAYER,CLOCK,PHONE,HIFI,IRON,VACUUM,FAX,PC,PRINTER,TV1,TV2,TV3,VCR_DVD,RECEIVER,HOB,OVEN,MICROWAVE,KETTLE,SMALL_COOKING,DISH_WASHER,TUMBLE_DRYER,WASHING_MACHINE,WASHER_DRYER,DESWH,E_INST,ELEC_SHOWER,STORAGE_HEATER,ELEC_SPACE_HEATING
,,,(W),(W),(W),,(W),(W),(W),(W),(W),(W),(W),(W),(W),(W),(W),(W),(W),(W),(W),(W),(W),(W),(W),(W),(W),(W),(W),(W),(W),(W),(W),(W),(W),(W),(W),(W),(W)
1,0:00,#REF!,49,0,49,4.624576839,0,0,0,0,1,2,2,1,9,0,0,0,5,0,3,0,0,2,15,0,3,2,1,2,0,0,1,0,0,0,0,0,0
2,0:01,#REF!,49,0,49,4.624576839,0,0,0,0,1,2,2,1,9,0,0,0,5,0,3,0,0,2,15,0,3,2,1,2,0,0,1,0,0,0,0,0,0
3,0:02,#REF!,49,0,49,4.624576839,0,0,0,0,1,2,2,1,9,0,0,0,5,0,3,0,0,2,15,0,3,2,1,2,0,0,1,0,0,0,0,0,0
4,0:03,#REF!,49,0,49,4.624576839,0,0,0,0,1,2,2,1,9,0,0,0,5,0,3,0,0,2,15,0,3,2,1,2,0,0,1,0,0,0,0,0,0
5,0:04,#REF!,49,0,49,4.624576839,0,0,0,0,1,2,2,1,9,0,0,0,5,0,3,0,0,2,15,0,3,2,1,2,0,0,1,0,0,0,0,0,0
6,0:05,#REF!,49,0,49,4.624576839,0,0,0,0,1,2,2,1,9,0,0,0,5,0,3,0,0,2,15,0,3,2,1,2,0,0,1,0,0,0,0,0,0
7,0:06,#REF!,49,0,49,4.624576839,0,0,0,0,1,2,2,1,9,0,0,0,5,0,3,0,0,2,15,0,3,2,1,2,0,0,1,0,0,0,0,0,0
8,0:07,#REF!,49,0,49,4.624576839,0,0,0,0,1,2,2,1,9,0,0,0,5,0,3,0,0,2,15,0,3,2,1,2,0,0,1,0,0,0,0,0,0
9,0:08,#REF!,49,0,49,4.624576839,0,0,0,0,1,2,2,1,9,0,0,0,5,0,3,0,0,2,15,0,3,2,1,2,0,0,1,0,0,0,0,0,0
10,0:09,#REF!,49,0,49,4.624576839,0,0,0,0,1,2,2,1,9,0,0,0,5,0,3,0,0,2,15,0,3,2,1,2,0,0,1,0,0,0,0,0,0
11,0:10,#REF!,49,0,49,4.624576839,0,0,0,0,1,2,2,1,9,0,0,0,5,0,3,0,0,2,15,0,3,2,1,2,0,0,1,0,0,0,0,0,0
12,0:11,#REF!,49,0,49,4.624576839,0,0,0,0,1,2,2,1,9,0,0,0,5,0,3,0,0,2,15,0,3,2,1,2,0,0,1,0,0,0,0,0,0
13,0:12,#REF!,49,0,49,4.624576839,0,0,0,0,1,2,2,1,9,0,0,0,5,0,3,0,0,2,15,0,3,2,1,2,0,0,1,0,0,0,0,0,0
14,0:13,#REF!,49,0,49,4.624576839,0,0,0,0,1,2,2,1,9,0,0,0,5,0,3,0,0,2,15,0,3,2,1,2,0,0,1,0,0,0,0,0,0
15,0:14,#REF!,49,0,49,4.624576839,0,0,0,0,1,2,2,1,9,0,0,0,5,0,3,0,0,2,15,0,3,2,1,2,0,0,1,0,0,0,0,0,0
16,0:15,#REF!,49,0,49,4.624576839,0,0,0,0,1,2,2,1,9,0,0,0,5,0,3,0,0,2,15,0,3,2,1,2,0,0,1,0,0,0,0,0,0
17,0:16,#REF!,49,0,49,4.624576839,0,0,0,0,1,2,2,1,9,0,0,0,5,0,3,0,0,2,15,0,3,2,1,2,0,0,1,0,0,0,0,0,0
18,0:17,#REF!,49,0,49,4.624576839,0,0,0,0,1,2,2,1,9,0,0,0,5,0,3,0,0,2,15,0,3,2,1,2,0,0,1,0,0,0,0,0,0
19,0:18,#REF!,49,0,49,4.624576839,0,0,0,0,1,2,2,1,9,0,0,0,5,0,3,0,0,2,15,0,3,2,1,2,0,0,1,0,0,0,0,0,0
20,0:19,#REF!,49,0,49,4.624576839,0,0,0,0,1,2,2,1,9,0,0,0,5,0,3,0,0,2,15,0,3,2,1,2,0,0,1,0,0,0,0,0,0
21,0:20,#REF!,49,0,49,4.624576839,0,0,0,0,1,2,2,1,9,0,0,0,5,0,3,0,0,2,15,0,3,2,1,2,0,0,1,0,0,0,0,0,0
22,0:21,#REF!,49,0,49,4.624576839,0,0,0,0,1,2,2,1,9,0,0,0,5,0,3,0,0,2,15,0,3,2,1,2,0,0,1,0,0,0,0,0,0
23,0:22,#REF!,49,0,49,4.624576839,0,0,0,0,1,2,2,1,9,0,0,0,5,0,3,0,0,2,15,0,3,2,1,2,0,0,1,0,0,0,0,0,0
24,0:23,#REF!,49,0,49,4.624576839,0,0,0,0,1,2,2,1,9,0,0,0,5,0,3,0,0,2,15,0,3,2,1,2,0,0,1,0,0,0,0,0,0
25,0:24,#REF!,49,0,49,4.624576839,0,0,0,0,1,2,2,1,9,0,0,0,5,0,3,0,0,2,15,0,3,2,1,2,0,0,1,0,0,0,0,0,0
26,0:25,#REF!,49,0,49,4.624576839,0,0,0,0,1,2,2,1,9,0,0,0,5,0,3,0,0,2,15,0,3,2,1,2,0,0,1,0,0,0,0,0,0
27,0:26,#REF!,49,0,49,4.624576839,0,0,0,0,1,2,2,1,9,0,0,0,5,0,3,0,0,2,15,0,3,2,1,2,0,0,1,0,0,0,0,0,0
28,0:27,#REF!,49,0,49,4.624576839,0,0,0,0,1,2,2,1,9,0,0,0,5,0,3,0,0,2,15,0,3,2,1,2,0,0,1,0,0,0,0,0,0
29,0:28,#REF!,49,0,49,4.624576839,0,0,0,0,1,2,2,1,9,0,0,0,5,0,3,0,0,2,15,0,3,2,1,2,0,0,1,0,0,0,0,0,0
30,0:29,#REF!,49,0,49,4.624576839,0,0,0,0,1,2,2,1,9,0,0,0,5,0,3,0,0,2,15,0,3,2,1,2,0,0,1,0,0,0,0,0,0
31,0:30,#REF!,49,0,49,4.624576839,0,0,0,0,1,2,2,1,9,0,0,0,5,0,3,0,0,2,15,0,3,2,1,2,0,0,1,0,0,0,0,0,0
32,0:31,#REF!,49,0,49,4.624576839,0,0,0,0,1,2,2,1,9,0,0,0,5,0,3,0,0,2,15,0,3,2,1,2,0,0,1,0,0,0,0,0,0
33,0:32,#REF!,49,0,49,4.624576839,0,0,0,0,1,2,2,1,9,0,0,0,5,0,3,0,0,2,15,0,3,2,1,2,0,0,1,0,0,0,0,0,0
34,0:33,#REF!,49,0,49,4.624576839,0,0,0,0,1,2,2,1,9,0,0,0,5,0,3,0,0,2,15,0,3,2,1,2,0,0,1,0,0,0,0,0,0
35,0:34,#REF!,49,0,49,4.624576839,0,0,0,0,1,2,2,1,9,0,0,0,5,0,3,0,0,2,15,0,3,2,1,2,0,0,1,0,0,0,0,0,0
36,0:35,#REF!,49,0,49,4.624576839,0,0,0,0,1,2,2,1,9,0,0,0,5,0,3,0,0,2,15,0,3,2,1,2,0,0,1,0,0,0,0,0,0
37,0:36,#REF!,49,0,49,4.624576839,0,0,0,0,1,2,2,1,9,0,0,0,5,0,3,0,0,2,15,0,3,2,1,2,0,0,1,0,0,0,0,0,0
38,0:37,#REF!,49,0,49,4.624576839,0,0,0,0,1,2,2,1,9,0,0,0,5,0,3,0,0,2,15,0,3,2,1,2,0,0,1,0,0,0,0,0,0
39,0:38,#REF!,49,0,49,4.624576839,0,0,0,0,1,2,2,1,9,0,0,0,5,0,3,0,0,2,15,0,3,2,1,2,0,0,1,0,0,0,0,0,0
40,0:39,#REF!,49,0,49,4.624576839,0,0,0,0,1,2,2,1,9,0,0,0,5,0,3,0,0,2,15,0,3,2,1,2,0,0,1,0,0,0,0,0,0
41,0:40,#REF!,49,0,49,4.624576839,0,0,0,0,1,2,2,1,9,0,0,0,5,0,3,0,0,2,15,0,3,2,1,2,0,0,1,0,0,0,0,0,0
42,0:41,#REF!,49,0,49,4.624576839,0,0,0,0,1,2,2,1,9,0,0,0,5,0,3,0,0,2,15,0,3,2,1,2,0,0,1,0,0,0,0,0,0
43,0:42,#REF!,49,0,49,4.624576839,0,0,0,0,1,2,2,1,9,0,0,0,5,0,3,0,0,2,15,0,3,2,1,2,0,0,1,0,0,0,0,0,0
44,0:43,#REF!,49,0,49,4.624576839,0,0,0,0,1,2,2,1,9,0,0,0,5,0,3,0,0,2,15,0,3,2,1,2,0,0,1,0,0,0,0,0,0
45,0:44,#REF!,49,0,49,4.624576839,0,0,0,0,1,2,2,1,9,0,0,0,5,0,3,0,0,2,15,0,3,2,1,2,0,0,1,0,0,0,0,0,0
46,0:45,#REF!,49,0,49,4.624576839,0,0,0,0,1,2,2,1,9,0,0,0,5,0,3,0,0,2,15,0,3,2,1,2,0,0,1,0,0,0,0,0,0
47,0:46,#REF!,49,0,49,4.624576839,0,0,0,0,1,2,2,1,9,0,0,0,5,0,3,0,0,2,15,0,3,2,1,2,0,0,1,0,0,0,0,0,0
48,0:47,#REF!,49,0,49,4.624576839,0,0,0,0,1,2,2,1,9,0,0,0,5,0,3,0,0,2,15,0,3,2,1,2,0,0,1,0,0,0,0,0,0
49,0:48,#REF!,49,0,49,4.624576839,0,0,0,0,1,2,2,1,9,0,0,0,5,0,3,0,0,2,15,0,3,2,1,2,0,0,1,0,0,0,0,0,0
50,0:49,#REF!,49,0,49,4.624576839,0,0,0,0,1,2,2,1,9,0,0,0,5,0,3,0,0,2,15,0,3,2,1,2,0,0,1,0,0,0,0,0,0
51,0:50,#REF!,49,0,49,4.624576839,0,0,0,0,1,2,2,1,9,0,0,0,5,0,3,0,0,2,15,0,3,2,1,2,0,0,1,0,0,0,0,0,0
52,0:51,#REF!,49,0,49,4.624576839,0,0,0,0,1,2,2,1,9,0,0,0,5,0,3,0,0,2,15,0,3,2,1,2,0,0,1,0,0,0,0,0,0
53,0:52,#REF!,49,0,49,4.624576839,0,0,0,0,1,2,2,1,9,0,0,0,5,0,3,0,0,2,15,0,3,2,1,2,0,0,1,0,0,0,0,0,0
54,0:53,#REF!,49,0,49,4.624576839,0,0,0,0,1,2,2,1,9,0,0,0,5,0,3,0,0,2,15,0,3,2,1,2,0,0,1,0,0,0,0,0,0
55,0:54,#REF!,49,0,49,4.624576839,0,0,0,0,1,2,2,1,9,0,0,0,5,0,3,0,0,2,15,0,3,2,1,2,0,0,1,0,0,0,0,0,0
56,0:55,#REF!,49,0,49,4.624576839,0,0,0,0,1,2,2,1,9,0,0,0,5,0,3,0,0,2,15,0,3,2,1,2,0,0,1,0,0,0,0,0,0
57,0:56,#REF!,49,0,49,4.624576839,0,0,0,0,1,2,2,1,9,0,0,0,5,0,3,0,0,2,15,0,3,2,1,2,0,0,1,0,0,0,0,0,0
58,0:57,#REF!,49,0,49,4.624576839,0,0,0,0,1,2,2,1,9,0,0,0,5,0,3,0,0,2,15,0,3,2,1,2,0,0,1,0,0,0,0,0,0
59,0:58,#REF!,49,0,49,4.624576839,0,0,0,0,1,2,2,1,9,0,0,0,5,0,3,0,0,2,15,0,3,2,1,2,0,0,1,0,0,0,0,0,0
60,0:59,#REF!,49,0,49,4.624576839,0,0,0,0,1,2,2,1,9,0,0,0,5,0,3,0,0,2,15,0,3,2,1,2,0,0,1,0,0,0,0,0,0
61,1:00,#REF!,49,0,49,4.624576839,0,0,0,0,1,2,2,1,9,0,0,0,5,0,3,0,0,2,15,0,3,2,1,2,0,0,1,0,0,0,0,0,0
62,1:01,#REF!,49,0,49,4.624576839,0,0,0,0,1,2,2,1,9,0,0,0,5,0,3,0,0,2,15,0,3,2,1,2,0,0,1,0,0,0,0,0,0
63,1:02,#REF!,49,0,49,4.624576839,0,0,0,0,1,2,2,1,9,0,0,0,5,0,3,0,0,2,15,0,3,2,1,2,0,0,1,0,0,0,0,0,0
64,1:03,#REF!,49,0,49,4.624576839,0,0,0,0,1,2,2,1,9,0,0,0,5,0,3,0,0,2,15,0,3,2,1,2,0,0,1,0,0,0,0,0,0
65,1:04,#REF!,49,0,49,4.624576839,0,0,0,0,1,2,2,1,9,0,0,0,5,0,3,0,0,2,15,0,3,2,1,2,0,0,1,0,0,0,0,0,0
66,1:05,#REF!,49,0,49,4.624576839,0,0,0,0,1,2,2,1,9,0,0,0,5,0,3,0,0,2,15,0,3,2,1,2,0,0,1,0,0,0,0,0,0
67,1:06,#REF!,49,0,49,4.624576839,0,0,0,0,1,2,2,1,9,0,0,0,5,0,3,0,0,2,15,0,3,2,1,2,0,0,1,0,0,0,0,0,0
68,1:07,#REF!,49,0,49,4.624576839,0,0,0,0,1,2,2,1,9,0,0,0,5,0,3,0,0,2,15,0,3,2,1,2,0,0,1,0,0,0,0,0,0
69,1:08,#REF!,49,0,49,4.624576839,0,0,0,0,1,2,2,1,9,0,0,0,5,0,3,0,0,2,15,0,3,2,1,2,0,0,1,0,0,0,0,0,0
70,1:09,#REF!,49,0,49,4.624576839,0,0,0,0,1,2,2,1,9,0,0,0,5,0,3,0,0,2,15,0,3,2,1,2,0,0,1,0,0,0,0,0,0
71,1:10,#REF!,49,0,49,4.624576839,0,0,0,0,1,2,2,1,9,0,0,0,5,0,3,0,0,2,15,0,3,2,1,2,0,0,1,0,0,0,0,0,0
72,1:11,#REF!,49,0,49,4.624576839,0,0,0,0,1,2,2,1,9,0,0,0,5,0,3,0,0,2,15,0,3,2,1,2,0,0,1,0,0,0,0,0,0
73,1:12,#REF!,49,0,49,4.624576839,0,0,0,0,1,2,2,1,9,0,0,0,5,0,3,0,0,2,15,0,3,2,1,2,0,0,1,0,0,0,0,0,0
74,1:13,#REF!,49,0,49,4.624576839,0,0,0,0,1,2,2,1,9,0,0,0,5,0,3,0,0,2,15,0,3,2,1,2,0,0,1,0,0,0,0,0,0
75,1:14,#REF!,49,0,49,4.624576839,0,0,0,0,1,2,2,1,9,0,0,0,5,0,3,0,0,2,15,0,3,2,1,2,0,0,1,0,0,0,0,0,0
76,1:15,#REF!,49,0,49,4.624576839,0,0,0,0,1,2,2,1,9,0,0,0,5,0,3,0,0,2,15,0,3,2,1,2,0,0,1,0,0,0,0,0,0
77,1:16,#REF!,49,0,49,4.624576839,0,0,0,0,1,2,2,1,9,0,0,0,5,0,3,0,0,2,15,0,3,2,1,2,0,0,1,0,0,0,0,0,0
78,1:17,#REF!,49,0,49,4.624576839,0,0,0,0,1,2,2,1,9,0,0,0,5,0,3,0,0,2,15,0,3,2,1,2,0,0,1,0,0,0,0,0,0
79,1:18,#REF!,49,0,49,4.624576839,0,0,0,0,1,2,2,1,9,0,0,0,5,0,3,0,0,2,15,0,3,2,1,2,0,0,1,0,0,0,0,0,0
80,1:19,#REF!,49,0,49,4.624576839,0,0,0,0,1,2,2,1,9,0,0,0,5,0,3,0,0,2,15,0,3,2,1,2,0,0,1,0,0,0,0,0,0
81,1:20,#REF!,49,0,49,4.624576839,0,0,0,0,1,2,2,1,9,0,0,0,5,0,3,0,0,2,15,0,3,2,1,2,0,0,1,0,0,0,0,0,0
82,1:21,#REF!,49,0,49,4.624576839,0,0,0,0,1,2,2,1,9,0,0,0,5,0,3,0,0,2,15,0,3,2,1,2,0,0,1,0,0,0,0,0,0
83,1:22,#REF!,49,0,49,4.624576839,0,0,0,0,1,2,2,1,9,0,0,0,5,0,3,0,0,2,15,0,3,2,1,2,0,0,1,0,0,0,0,0,0
84,1:23,#REF!,49,0,49,4.624576839,0,0,0,0,1,2,2,1,9,0,0,0,5,0,3,0,0,2,15,0,3,2,1,2,0,0,1,0,0,0,0,0,0
85,1:24,#REF!,49,0,49,4.624576839,0,0,0,0,1,2,2,1,9,0,0,0,5,0,3,0,0,2,15,0,3,2,1,2,0,0,1,0,0,0,0,0,0
86,1:25,#REF!,49,0,49,4.624576839,0,0,0,0,1,2,2,1,9,0,0,0,5,0,3,0,0,2,15,0,3,2,1,2,0,0,1,0,0,0,0,0,0
87,1:26,#REF!,49,0,49,4.624576839,0,0,0,0,1,2,2,1,9,0,0,0,5,0,3,0,0,2,15,0,3,2,1,2,0,0,1,0,0,0,0,0,0
88,1:27,#REF!,49,0,49,4.624576839,0,0,0,0,1,2,2,1,9,0,0,0,5,0,3,0,0,2,15,0,3,2,1,2,0,0,1,0,0,0,0,0,0
89,1:28,#REF!,49,0,49,4.624576839,0,0,0,0,1,2,2,1,9,0,0,0,5,0,3,0,0,2,15,0,3,2,1,2,0,0,1,0,0,0,0,0,0
90,1:29,#REF!,49,0,49,4.624576839,0,0,0,0,1,2,2,1,9,0,0,0,5,0,3,0,0,2,15,0,3,2,1,2,0,0,1,0,0,0,0,0,0
91,1:30,#REF!,49,0,49,4.624576839,0,0,0,0,1,2,2,1,9,0,0,0,5,0,3,0,0,2,15,0,3,2,1,2,0,0,1,0,0,0,0,0,0
92,1:31,#REF!,49,0,49,4.624576839,0,0,0,0,1,2,2,1,9,0,0,0,5,0,3,0,0,2,15,0,3,2,1,2,0,0,1,0,0,0,0,0,0
93,1:32,#REF!,49,0,49,4.624576839,0,0,0,0,1,2,2,1,9,0,0,0,5,0,3,0,0,2,15,0,3,2,1,2,0,0,1,0,0,0,0,0,0
94,1:33,#REF!,49,0,49,4.624576839,0,0,0,0,1,2,2,1,9,0,0,0,5,0,3,0,0,2,15,0,3,2,1,2,0,0,1,0,0,0,0,0,0
95,1:34,#REF!,49,0,49,4.624576839,0,0,0,0,1,2,2,1,9,0,0,0,5,0,3,0,0,2,15,0,3,2,1,2,0,0,1,0,0,0,0,0,0
96,1:35,#REF!,49,0,49,4.624576839,0,0,0,0,1,2,2,1,9,0,0,0,5,0,3,0,0,2,15,0,3,2,1,2,0,0,1,0,0,0,0,0,0
97,1:36,#REF!,49,0,49,4.624576839,0,0,0,0,1,2,2,1,9,0,0,0,5,0,3,0,0,2,15,0,3,2,1,2,0,0,1,0,0,0,0,0,0
98,1:37,#REF!,49,0,49,4.624576839,0,0,0,0,1,2,2,1,9,0,0,0,5,0,3,0,0,2,15,0,3,2,1,2,0,0,1,0,0,0,0,0,0
99,1:38,#REF!,49,0,49,4.624576839,0,0,0,0,1,2,2,1,9,0,0,0,5,0,3,0,0,2,15,0,3,2,1,2,0,0,1,0,0,0,0,0,0
100,1:39,#REF!,49,0,49,4.624576839,0,0,0,0,1,2,2,1,9,0,0,0,5,0,3,0,0,2,15,0,3,2,1,2,0,0,1,0,0,0,0,0,0
101,1:40,#REF!,49,0,49,4.624576839,0,0,0,0,1,2,2,1,9,0,0,0,5,0,3,0,0,2,15,0,3,2,1,2,0,0,1,0,0,0,0,0,0
102,1:41,#REF!,49,0,49,4.624576839,0,0,0,0,1,2,2,1,9,0,0,0,5,0,3,0,0,2,15,0,3,2,1,2,0,0,1,0,0,0,0,0,0
103,1:42,#REF!,49,0,49,4.624576839,0,0,0,0,1,2,2,1,9,0,0,0,5,0,3,0,0,2,15,0,3,2,1,2,0,0,1,0,0,0,0,0,0
104,1:43,#REF!,49,0,49,4.624576839,0,0,0,0,1,2,2,1,9,0,0,0,5,0,3,0,0,2,15,0,3,2,1,2,0,0,1,0,0,0,0,0,0
105,1:44,#REF!,49,0,49,4.624576839,0,0,0,0,1,2,2,1,9,0,0,0,5,0,3,0,0,2,15,0,3,2,1,2,0,0,1,0,0,0,0,0,0
106,1:45,#REF!,49,0,49,4.624576839,0,0,0,0,1,2,2,1,9,0,0,0,5,0,3,0,0,2,15,0,3,2,1,2,0,0,1,0,0,0,0,0,0
107,1:46,#REF!,49,0,49,4.624576839,0,0,0,0,1,2,2,1,9,0,0,0,5,0,3,0,0,2,15,0,3,2,1,2,0,0,1,0,0,0,0,0,0
108,1:47,#REF!,49,0,49,4.624576839,0,0,0,0,1,2,2,1,9,0,0,0,5,0,3,0,0,2,15,0,3,2,1,2,0,0,1,0,0,0,0,0,0
109,1:48,#REF!,49,0,49,4.624576839,0,0,0,0,1,2,2,1,9,0,0,0,5,0,3,0,0,2,15,0,3,2,1,2,0,0,1,0,0,0,0,0,0
110,1:49,#REF!,49,0,49,4.624576839,0,0,0,0,1,2,2,1,9,0,0,0,5,0,3,0,0,2,15,0,3,2,1,2,0,0,1,0,0,0,0,0,0
111,1:50,#REF!,49,0,49,4.624576839,0,0,0,0,1,2,2,1,9,0,0,0,5,0,3,0,0,2,15,0,3,2,1,2,0,0,1,0,0,0,0,0,0
112,1:51,#REF!,49,0,49,4.624576839,0,0,0,0,1,2,2,1,9,0,0,0,5,0,3,0,0,2,15,0,3,2,1,2,0,0,1,0,0,0,0,0,0
113,1:52,#REF!,49,0,49,4.624576839,0,0,0,0,1,2,2,1,9,0,0,0,5,0,3,0,0,2,15,0,3,2,1,2,0,0,1,0,0,0,0,0,0
114,1:53,#REF!,49,0,49,4.624576839,0,0,0,0,1,2,2,1,9,0,0,0,5,0,3,0,0,2,15,0,3,2,1,2,0,0,1,0,0,0,0,0,0
115,1:54,#REF!,49,0,49,4.624576839,0,0,0,0,1,2,2,1,9,0,0,0,5,0,3,0,0,2,15,0,3,2,1,2,0,0,1,0,0,0,0,0,0
116,1:55,#REF!,49,0,49,4.624576839,0,0,0,0,1,2,2,1,9,0,0,0,5,0,3,0,0,2,15,0,3,2,1,2,0,0,1,0,0,0,0,0,0
117,1:56,#REF!,49,0,49,4.624576839,0,0,0,0,1,2,2,1,9,0,0,0,5,0,3,0,0,2,15,0,3,2,1,2,0,0,1,0,0,0,0,0,0
118,1:57,#REF!,49,0,49,4.624576839,0,0,0,0,1,2,2,1,9,0,0,0,5,0,3,0,0,2,15,0,3,2,1,2,0,0,1,0,0,0,0,0,0
119,1:58,#REF!,49,0,49,4.624576839,0,0,0,0,1,2,2,1,9,0,0,0,5,0,3,0,0,2,15,0,3,2,1,2,0,0,1,0,0,0,0,0,0
120,1:59,#REF!,49,0,49,4.624576839,0,0,0,0,1,2,2,1,9,0,0,0,5,0,3,0,0,2,15,0,3,2,1,2,0,0,1,0,0,0,0,0,0
121,2:00,#REF!,49,0,49,4.624576839,0,0,0,0,1,2,2,1,9,0,0,0,5,0,3,0,0,2,15,0,3,2,1,2,0,0,1,0,0,0,0,0,0
122,2:01,#REF!,49,0,49,4.624576839,0,0,0,0,1,2,2,1,9,0,0,0,5,0,3,0,0,2,15,0,3,2,1,2,0,0,1,0,0,0,0,0,0
123,2:02,#REF!,49,0,49,4.624576839,0,0,0,0,1,2,2,1,9,0,0,0,5,0,3,0,0,2,15,0,3,2,1,2,0,0,1,0,0,0,0,0,0
124,2:03,#REF!,49,0,49,4.624576839,0,0,0,0,1,2,2,1,9,0,0,0,5,0,3,0,0,2,15,0,3,2,1,2,0,0,1,0,0,0,0,0,0
125,2:04,#REF!,49,0,49,4.624576839,0,0,0,0,1,2,2,1,9,0,0,0,5,0,3,0,0,2,15,0,3,2,1,2,0,0,1,0,0,0,0,0,0
126,2:05,#REF!,49,0,49,4.624576839,0,0,0,0,1,2,2,1,9,0,0,0,5,0,3,0,0,2,15,0,3,2,1,2,0,0,1,0,0,0,0,0,0
127,2:06,#REF!,49,0,49,4.624576839,0,0,0,0,1,2,2,1,9,0,0,0,5,0,3,0,0,2,15,0,3,2,1,2,0,0,1,0,0,0,0,0,0
128,2:07,#REF!,49,0,49,4.624576839,0,0,0,0,1,2,2,1,9,0,0,0,5,0,3,0,0,2,15,0,3,2,1,2,0,0,1,0,0,0,0,0,0
129,2:08,#REF!,49,0,49,4.624576839,0,0,0,0,1,2,2,1,9,0,0,0,5,0,3,0,0,2,15,0,3,2,1,2,0,0,1,0,0,0,0,0,0
130,2:09,#REF!,49,0,49,4.624576839,0,0,0,0,1,2,2,1,9,0,0,0,5,0,3,0,0,2,15,0,3,2,1,2,0,0,1,0,0,0,0,0,0
131,2:10,#REF!,49,0,49,4.624576839,0,0,0,0,1,2,2,1,9,0,0,0,5,0,3,0,0,2,15,0,3,2,1,2,0,0,1,0,0,0,0,0,0
132,2:11,#REF!,49,0,49,4.624576839,0,0,0,0,1,2,2,1,9,0,0,0,5,0,3,0,0,2,15,0,3,2,1,2,0,0,1,0,0,0,0,0,0
133,2:12,#REF!,49,0,49,4.624576839,0,0,0,0,1,2,2,1,9,0,0,0,5,0,3,0,0,2,15,0,3,2,1,2,0,0,1,0,0,0,0,0,0
134,2:13,#REF!,49,0,49,4.624576839,0,0,0,0,1,2,2,1,9,0,0,0,5,0,3,0,0,2,15,0,3,2,1,2,0,0,1,0,0,0,0,0,0
135,2:14,#REF!,49,0,49,4.624576839,0,0,0,0,1,2,2,1,9,0,0,0,5,0,3,0,0,2,15,0,3,2,1,2,0,0,1,0,0,0,0,0,0
136,2:15,#REF!,49,0,49,4.624576839,0,0,0,0,1,2,2,1,9,0,0,0,5,0,3,0,0,2,15,0,3,2,1,2,0,0,1,0,0,0,0,0,0
137,2:16,#REF!,49,0,49,4.624576839,0,0,0,0,1,2,2,1,9,0,0,0,5,0,3,0,0,2,15,0,3,2,1,2,0,0,1,0,0,0,0,0,0
138,2:17,#REF!,49,0,49,4.624576839,0,0,0,0,1,2,2,1,9,0,0,0,5,0,3,0,0,2,15,0,3,2,1,2,0,0,1,0,0,0,0,0,0
139,2:18,#REF!,49,0,49,4.624576839,0,0,0,0,1,2,2,1,9,0,0,0,5,0,3,0,0,2,15,0,3,2,1,2,0,0,1,0,0,0,0,0,0
140,2:19,#REF!,49,0,49,4.624576839,0,0,0,0,1,2,2,1,9,0,0,0,5,0,3,0,0,2,15,0,3,2,1,2,0,0,1,0,0,0,0,0,0
141,2:20,#REF!,49,0,49,4.624576839,0,0,0,0,1,2,2,1,9,0,0,0,5,0,3,0,0,2,15,0,3,2,1,2,0,0,1,0,0,0,0,0,0
142,2:21,#REF!,49,0,49,4.624576839,0,0,0,0,1,2,2,1,9,0,0,0,5,0,3,0,0,2,15,0,3,2,1,2,0,0,1,0,0,0,0,0,0
143,2:22,#REF!,49,0,49,4.624576839,0,0,0,0,1,2,2,1,9,0,0,0,5,0,3,0,0,2,15,0,3,2,1,2,0,0,1,0,0,0,0,0,0
144,2:23,#REF!,49,0,49,4.624576839,0,0,0,0,1,2,2,1,9,0,0,0,5,0,3,0,0,2,15,0,3,2,1,2,0,0,1,0,0,0,0,0,0
145,2:24,#REF!,49,0,49,4.624576839,0,0,0,0,1,2,2,1,9,0,0,0,5,0,3,0,0,2,15,0,3,2,1,2,0,0,1,0,0,0,0,0,0
146,2:25,#REF!,49,0,49,4.624576839,0,0,0,0,1,2,2,1,9,0,0,0,5,0,3,0,0,2,15,0,3,2,1,2,0,0,1,0,0,0,0,0,0
147,2:26,#REF!,49,0,49,4.624576839,0,0,0,0,1,2,2,1,9,0,0,0,5,0,3,0,0,2,15,0,3,2,1,2,0,0,1,0,0,0,0,0,0
148,2:27,#REF!,49,0,49,4.624576839,0,0,0,0,1,2,2,1,9,0,0,0,5,0,3,0,0,2,15,0,3,2,1,2,0,0,1,0,0,0,0,0,0
149,2:28,#REF!,49,0,49,4.624576839,0,0,0,0,1,2,2,1,9,0,0,0,5,0,3,0,0,2,15,0,3,2,1,2,0,0,1,0,0,0,0,0,0
150,2:29,#REF!,49,0,49,4.624576839,0,0,0,0,1,2,2,1,9,0,0,0,5,0,3,0,0,2,15,0,3,2,1,2,0,0,1,0,0,0,0,0,0
151,2:30,#REF!,49,0,49,4.624576839,0,0,0,0,1,2,2,1,9,0,0,0,5,0,3,0,0,2,15,0,3,2,1,2,0,0,1,0,0,0,0,0,0
152,2:31,#REF!,49,0,49,4.624576839,0,0,0,0,1,2,2,1,9,0,0,0,5,0,3,0,0,2,15,0,3,2,1,2,0,0,1,0,0,0,0,0,0
153,2:32,#REF!,49,0,49,4.624576839,0,0,0,0,1,2,2,1,9,0,0,0,5,0,3,0,0,2,15,0,3,2,1,2,0,0,1,0,0,0,0,0,0
154,2:33,#REF!,49,0,49,4.624576839,0,0,0,0,1,2,2,1,9,0,0,0,5,0,3,0,0,2,15,0,3,2,1,2,0,0,1,0,0,0,0,0,0
155,2:34,#REF!,49,0,49,4.624576839,0,0,0,0,1,2,2,1,9,0,0,0,5,0,3,0,0,2,15,0,3,2,1,2,0,0,1,0,0,0,0,0,0
156,2:35,#REF!,49,0,49,4.624576839,0,0,0,0,1,2,2,1,9,0,0,0,5,0,3,0,0,2,15,0,3,2,1,2,0,0,1,0,0,0,0,0,0
157,2:36,#REF!,49,0,49,4.624576839,0,0,0,0,1,2,2,1,9,0,0,0,5,0,3,0,0,2,15,0,3,2,1,2,0,0,1,0,0,0,0,0,0
158,2:37,#REF!,49,0,49,4.624576839,0,0,0,0,1,2,2,1,9,0,0,0,5,0,3,0,0,2,15,0,3,2,1,2,0,0,1,0,0,0,0,0,0
159,2:38,#REF!,49,0,49,4.624576839,0,0,0,0,1,2,2,1,9,0,0,0,5,0,3,0,0,2,15,0,3,2,1,2,0,0,1,0,0,0,0,0,0
160,2:39,#REF!,49,0,49,4.624576839,0,0,0,0,1,2,2,1,9,0,0,0,5,0,3,0,0,2,15,0,3,2,1,2,0,0,1,0,0,0,0,0,0
161,2:40,#REF!,49,0,49,4.624576839,0,0,0,0,1,2,2,1,9,0,0,0,5,0,3,0,0,2,15,0,3,2,1,2,0,0,1,0,0,0,0,0,0
162,2:41,#REF!,49,0,49,4.624576839,0,0,0,0,1,2,2,1,9,0,0,0,5,0,3,0,0,2,15,0,3,2,1,2,0,0,1,0,0,0,0,0,0
163,2:42,#REF!,49,0,49,4.624576839,0,0,0,0,1,2,2,1,9,0,0,0,5,0,3,0,0,2,15,0,3,2,1,2,0,0,1,0,0,0,0,0,0
164,2:43,#REF!,49,0,49,4.624576839,0,0,0,0,1,2,2,1,9,0,0,0,5,0,3,0,0,2,15,0,3,2,1,2,0,0,1,0,0,0,0,0,0
165,2:44,#REF!,49,0,49,4.624576839,0,0,0,0,1,2,2,1,9,0,0,0,5,0,3,0,0,2,15,0,3,2,1,2,0,0,1,0,0,0,0,0,0
166,2:45,#REF!,49,0,49,4.624576839,0,0,0,0,1,2,2,1,9,0,0,0,5,0,3,0,0,2,15,0,3,2,1,2,0,0,1,0,0,0,0,0,0
167,2:46,#REF!,49,0,49,4.624576839,0,0,0,0,1,2,2,1,9,0,0,0,5,0,3,0,0,2,15,0,3,2,1,2,0,0,1,0,0,0,0,0,0
168,2:47,#REF!,49,0,49,4.624576839,0,0,0,0,1,2,2,1,9,0,0,0,5,0,3,0,0,2,15,0,3,2,1,2,0,0,1,0,0,0,0,0,0
169,2:48,#REF!,49,0,49,4.624576839,0,0,0,0,1,2,2,1,9,0,0,0,5,0,3,0,0,2,15,0,3,2,1,2,0,0,1,0,0,0,0,0,0
170,2:49,#REF!,49,0,49,4.624576839,0,0,0,0,1,2,2,1,9,0,0,0,5,0,3,0,0,2,15,0,3,2,1,2,0,0,1,0,0,0,0,0,0
171,2:50,#REF!,49,0,49,4.624576839,0,0,0,0,1,2,2,1,9,0,0,0,5,0,3,0,0,2,15,0,3,2,1,2,0,0,1,0,0,0,0,0,0
172,2:51,#REF!,49,0,49,4.624576839,0,0,0,0,1,2,2,1,9,0,0,0,5,0,3,0,0,2,15,0,3,2,1,2,0,0,1,0,0,0,0,0,0
173,2:52,#REF!,49,0,49,4.624576839,0,0,0,0,1,2,2,1,9,0,0,0,5,0,3,0,0,2,15,0,3,2,1,2,0,0,1,0,0,0,0,0,0
174,2:53,#REF!,49,0,49,4.624576839,0,0,0,0,1,2,2,1,9,0,0,0,5,0,3,0,0,2,15,0,3,2,1,2,0,0,1,0,0,0,0,0,0
175,2:54,#REF!,49,0,49,4.624576839,0,0,0,0,1,2,2,1,9,0,0,0,5,0,3,0,0,2,15,0,3,2,1,2,0,0,1,0,0,0,0,0,0
176,2:55,#REF!,49,0,49,4.624576839,0,0,0,0,1,2,2,1,9,0,0,0,5,0,3,0,0,2,15,0,3,2,1,2,0,0,1,0,0,0,0,0,0
177,2:56,#REF!,49,0,49,4.624576839,0,0,0,0,1,2,2,1,9,0,0,0,5,0,3,0,0,2,15,0,3,2,1,2,0,0,1,0,0,0,0,0,0
178,2:57,#REF!,49,0,49,4.624576839,0,0,0,0,1,2,2,1,9,0,0,0,5,0,3,0,0,2,15,0,3,2,1,2,0,0,1,0,0,0,0,0,0
179,2:58,#REF!,49,0,49,4.624576839,0,0,0,0,1,2,2,1,9,0,0,0,5,0,3,0,0,2,15,0,3,2,1,2,0,0,1,0,0,0,0,0,0
180,2:59,#REF!,49,0,49,4.624576839,0,0,0,0,1,2,2,1,9,0,0,0,5,0,3,0,0,2,15,0,3,2,1,2,0,0,1,0,0,0,0,0,0
181,3:00,#REF!,49,0,49,4.624576839,0,0,0,0,1,2,2,1,9,0,0,0,5,0,3,0,0,2,15,0,3,2,1,2,0,0,1,0,0,0,0,0,0
182,3:01,#REF!,49,0,49,4.624576839,0,0,0,0,1,2,2,1,9,0,0,0,5,0,3,0,0,2,15,0,3,2,1,2,0,0,1,0,0,0,0,0,0
183,3:02,#REF!,49,0,49,4.624576839,0,0,0,0,1,2,2,1,9,0,0,0,5,0,3,0,0,2,15,0,3,2,1,2,0,0,1,0,0,0,0,0,0
184,3:03,#REF!,49,0,49,4.624576839,0,0,0,0,1,2,2,1,9,0,0,0,5,0,3,0,0,2,15,0,3,2,1,2,0,0,1,0,0,0,0,0,0
185,3:04,#REF!,49,0,49,4.624576839,0,0,0,0,1,2,2,1,9,0,0,0,5,0,3,0,0,2,15,0,3,2,1,2,0,0,1,0,0,0,0,0,0
186,3:05,#REF!,49,0,49,4.624576839,0,0,0,0,1,2,2,1,9,0,0,0,5,0,3,0,0,2,15,0,3,2,1,2,0,0,1,0,0,0,0,0,0
187,3:06,#REF!,49,0,49,4.624576839,0,0,0,0,1,2,2,1,9,0,0,0,5,0,3,0,0,2,15,0,3,2,1,2,0,0,1,0,0,0,0,0,0
188,3:07,#REF!,49,0,49,4.624576839,0,0,0,0,1,2,2,1,9,0,0,0,5,0,3,0,0,2,15,0,3,2,1,2,0,0,1,0,0,0,0,0,0
189,3:08,#REF!,49,0,49,4.624576839,0,0,0,0,1,2,2,1,9,0,0,0,5,0,3,0,0,2,15,0,3,2,1,2,0,0,1,0,0,0,0,0,0
190,3:09,#REF!,49,0,49,4.624576839,0,0,0,0,1,2,2,1,9,0,0,0,5,0,3,0,0,2,15,0,3,2,1,2,0,0,1,0,0,0,0,0,0
191,3:10,#REF!,49,0,49,4.624576839,0,0,0,0,1,2,2,1,9,0,0,0,5,0,3,0,0,2,15,0,3,2,1,2,0,0,1,0,0,0,0,0,0
192,3:11,#REF!,49,0,49,4.624576839,0,0,0,0,1,2,2,1,9,0,0,0,5,0,3,0,0,2,15,0,3,2,1,2,0,0,1,0,0,0,0,0,0
193,3:12,#REF!,49,0,49,4.624576839,0,0,0,0,1,2,2,1,9,0,0,0,5,0,3,0,0,2,15,0,3,2,1,2,0,0,1,0,0,0,0,0,0
194,3:13,#REF!,49,0,49,4.624576839,0,0,0,0,1,2,2,1,9,0,0,0,5,0,3,0,0,2,15,0,3,2,1,2,0,0,1,0,0,0,0,0,0
195,3:14,#REF!,49,0,49,4.624576839,0,0,0,0,1,2,2,1,9,0,0,0,5,0,3,0,0,2,15,0,3,2,1,2,0,0,1,0,0,0,0,0,0
196,3:15,#REF!,49,0,49,4.624576839,0,0,0,0,1,2,2,1,9,0,0,0,5,0,3,0,0,2,15,0,3,2,1,2,0,0,1,0,0,0,0,0,0
197,3:16,#REF!,49,0,49,4.624576839,0,0,0,0,1,2,2,1,9,0,0,0,5,0,3,0,0,2,15,0,3,2,1,2,0,0,1,0,0,0,0,0,0
198,3:17,#REF!,49,0,49,4.624576839,0,0,0,0,1,2,2,1,9,0,0,0,5,0,3,0,0,2,15,0,3,2,1,2,0,0,1,0,0,0,0,0,0
199,3:18,#REF!,49,0,49,4.624576839,0,0,0,0,1,2,2,1,9,0,0,0,5,0,3,0,0,2,15,0,3,2,1,2,0,0,1,0,0,0,0,0,0
200,3:19,#REF!,49,0,49,4.624576839,0,0,0,0,1,2,2,1,9,0,0,0,5,0,3,0,0,2,15,0,3,2,1,2,0,0,1,0,0,0,0,0,0
201,3:20,#REF!,49,0,49,4.624576839,0,0,0,0,1,2,2,1,9,0,0,0,5,0,3,0,0,2,15,0,3,2,1,2,0,0,1,0,0,0,0,0,0
202,3:21,#REF!,49,0,49,4.624576839,0,0,0,0,1,2,2,1,9,0,0,0,5,0,3,0,0,2,15,0,3,2,1,2,0,0,1,0,0,0,0,0,0
203,3:22,#REF!,49,0,49,4.624576839,0,0,0,0,1,2,2,1,9,0,0,0,5,0,3,0,0,2,15,0,3,2,1,2,0,0,1,0,0,0,0,0,0
204,3:23,#REF!,49,0,49,4.624576839,0,0,0,0,1,2,2,1,9,0,0,0,5,0,3,0,0,2,15,0,3,2,1,2,0,0,1,0,0,0,0,0,0
205,3:24,#REF!,49,0,49,4.624576839,0,0,0,0,1,2,2,1,9,0,0,0,5,0,3,0,0,2,15,0,3,2,1,2,0,0,1,0,0,0,0,0,0
206,3:25,#REF!,49,0,49,4.624576839,0,0,0,0,1,2,2,1,9,0,0,0,5,0,3,0,0,2,15,0,3,2,1,2,0,0,1,0,0,0,0,0,0
207,3:26,#REF!,49,0,49,4.624576839,0,0,0,0,1,2,2,1,9,0,0,0,5,0,3,0,0,2,15,0,3,2,1,2,0,0,1,0,0,0,0,0,0
208,3:27,#REF!,49,0,49,4.624576839,0,0,0,0,1,2,2,1,9,0,0,0,5,0,3,0,0,2,15,0,3,2,1,2,0,0,1,0,0,0,0,0,0
209,3:28,#REF!,49,0,49,4.624576839,0,0,0,0,1,2,2,1,9,0,0,0,5,0,3,0,0,2,15,0,3,2,1,2,0,0,1,0,0,0,0,0,0
210,3:29,#REF!,49,0,49,4.624576839,0,0,0,0,1,2,2,1,9,0,0,0,5,0,3,0,0,2,15,0,3,2,1,2,0,0,1,0,0,0,0,0,0
211,3:30,#REF!,49,0,49,4.624576839,0,0,0,0,1,2,2,1,9,0,0,0,5,0,3,0,0,2,15,0,3,2,1,2,0,0,1,0,0,0,0,0,0
212,3:31,#REF!,49,0,49,4.624576839,0,0,0,0,1,2,2,1,9,0,0,0,5,0,3,0,0,2,15,0,3,2,1,2,0,0,1,0,0,0,0,0,0
213,3:32,#REF!,49,0,49,4.624576839,0,0,0,0,1,2,2,1,9,0,0,0,5,0,3,0,0,2,15,0,3,2,1,2,0,0,1,0,0,0,0,0,0
214,3:33,#REF!,49,0,49,4.624576839,0,0,0,0,1,2,2,1,9,0,0,0,5,0,3,0,0,2,15,0,3,2,1,2,0,0,1,0,0,0,0,0,0
215,3:34,#REF!,49,0,49,4.624576839,0,0,0,0,1,2,2,1,9,0,0,0,5,0,3,0,0,2,15,0,3,2,1,2,0,0,1,0,0,0,0,0,0
216,3:35,#REF!,49,0,49,4.624576839,0,0,0,0,1,2,2,1,9,0,0,0,5,0,3,0,0,2,15,0,3,2,1,2,0,0,1,0,0,0,0,0,0
217,3:36,#REF!,49,0,49,4.624576839,0,0,0,0,1,2,2,1,9,0,0,0,5,0,3,0,0,2,15,0,3,2,1,2,0,0,1,0,0,0,0,0,0
218,3:37,#REF!,49,0,49,4.624576839,0,0,0,0,1,2,2,1,9,0,0,0,5,0,3,0,0,2,15,0,3,2,1,2,0,0,1,0,0,0,0,0,0
219,3:38,#REF!,49,0,49,4.624576839,0,0,0,0,1,2,2,1,9,0,0,0,5,0,3,0,0,2,15,0,3,2,1,2,0,0,1,0,0,0,0,0,0
220,3:39,#REF!,49,0,49,4.624576839,0,0,0,0,1,2,2,1,9,0,0,0,5,0,3,0,0,2,15,0,3,2,1,2,0,0,1,0,0,0,0,0,0
221,3:40,#REF!,49,0,49,4.624576839,0,0,0,0,1,2,2,1,9,0,0,0,5,0,3,0,0,2,15,0,3,2,1,2,0,0,1,0,0,0,0,0,0
222,3:41,#REF!,49,0,49,4.624576839,0,0,0,0,1,2,2,1,9,0,0,0,5,0,3,0,0,2,15,0,3,2,1,2,0,0,1,0,0,0,0,0,0
223,3:42,#REF!,49,0,49,4.624576839,0,0,0,0,1,2,2,1,9,0,0,0,5,0,3,0,0,2,15,0,3,2,1,2,0,0,1,0,0,0,0,0,0
224,3:43,#REF!,49,0,49,4.624576839,0,0,0,0,1,2,2,1,9,0,0,0,5,0,3,0,0,2,15,0,3,2,1,2,0,0,1,0,0,0,0,0,0
225,3:44,#REF!,49,0,49,4.624576839,0,0,0,0,1,2,2,1,9,0,0,0,5,0,3,0,0,2,15,0,3,2,1,2,0,0,1,0,0,0,0,0,0
226,3:45,#REF!,49,0,49,4.624576839,0,0,0,0,1,2,2,1,9,0,0,0,5,0,3,0,0,2,15,0,3,2,1,2,0,0,1,0,0,0,0,0,0
227,3:46,#REF!,49,0,49,4.624576839,0,0,0,0,1,2,2,1,9,0,0,0,5,0,3,0,0,2,15,0,3,2,1,2,0,0,1,0,0,0,0,0,0
228,3:47,#REF!,49,0,49,4.624576839,0,0,0,0,1,2,2,1,9,0,0,0,5,0,3,0,0,2,15,0,3,2,1,2,0,0,1,0,0,0,0,0,0
229,3:48,#REF!,49,0,49,4.624576839,0,0,0,0,1,2,2,1,9,0,0,0,5,0,3,0,0,2,15,0,3,2,1,2,0,0,1,0,0,0,0,0,0
230,3:49,#REF!,49,0,49,4.624576839,0,0,0,0,1,2,2,1,9,0,0,0,5,0,3,0,0,2,15,0,3,2,1,2,0,0,1,0,0,0,0,0,0
231,3:50,#REF!,49,0,49,4.624576839,0,0,0,0,1,2,2,1,9,0,0,0,5,0,3,0,0,2,15,0,3,2,1,2,0,0,1,0,0,0,0,0,0
232,3:51,#REF!,49,0,49,4.624576839,0,0,0,0,1,2,2,1,9,0,0,0,5,0,3,0,0,2,15,0,3,2,1,2,0,0,1,0,0,0,0,0,0
233,3:52,#REF!,49,0,49,4.624576839,0,0,0,0,1,2,2,1,9,0,0,0,5,0,3,0,0,2,15,0,3,2,1,2,0,0,1,0,0,0,0,0,0
234,3:53,#REF!,49,0,49,4.624576839,0,0,0,0,1,2,2,1,9,0,0,0,5,0,3,0,0,2,15,0,3,2,1,2,0,0,1,0,0,0,0,0,0
235,3:54,#REF!,49,0,49,4.624576839,0,0,0,0,1,2,2,1,9,0,0,0,5,0,3,0,0,2,15,0,3,2,1,2,0,0,1,0,0,0,0,0,0
236,3:55,#REF!,49,0,49,4.624576839,0,0,0,0,1,2,2,1,9,0,0,0,5,0,3,0,0,2,15,0,3,2,1,2,0,0,1,0,0,0,0,0,0
237,3:56,#REF!,49,0,49,4.624576839,0,0,0,0,1,2,2,1,9,0,0,0,5,0,3,0,0,2,15,0,3,2,1,2,0,0,1,0,0,0,0,0,0
238,3:57,#REF!,49,0,49,4.624576839,0,0,0,0,1,2,2,1,9,0,0,0,5,0,3,0,0,2,15,0,3,2,1,2,0,0,1,0,0,0,0,0,0
239,3:58,#REF!,49,0,49,4.624576839,0,0,0,0,1,2,2,1,9,0,0,0,5,0,3,0,0,2,15,0,3,2,1,2,0,0,1,0,0,0,0,0,0
240,3:59,#REF!,49,0,49,4.624576839,0,0,0,0,1,2,2,1,9,0,0,0,5,0,3,0,0,2,15,0,3,2,1,2,0,0,1,0,0,0,0,0,0
241,4:00,#REF!,49,0,49,4.624576839,0,0,0,0,1,2,2,1,9,0,0,0,5,0,3,0,0,2,15,0,3,2,1,2,0,0,1,0,0,0,0,0,0
242,4:01,#REF!,49,0,49,4.624576839,0,0,0,0,1,2,2,1,9,0,0,0,5,0,3,0,0,2,15,0,3,2,1,2,0,0,1,0,0,0,0,0,0
243,4:02,#REF!,49,0,49,4.624576839,0,0,0,0,1,2,2,1,9,0,0,0,5,0,3,0,0,2,15,0,3,2,1,2,0,0,1,0,0,0,0,0,0
244,4:03,#REF!,49,0,49,4.624576839,0,0,0,0,1,2,2,1,9,0,0,0,5,0,3,0,0,2,15,0,3,2,1,2,0,0,1,0,0,0,0,0,0
245,4:04,#REF!,49,0,49,4.624576839,0,0,0,0,1,2,2,1,9,0,0,0,5,0,3,0,0,2,15,0,3,2,1,2,0,0,1,0,0,0,0,0,0
246,4:05,#REF!,49,0,49,4.624576839,0,0,0,0,1,2,2,1,9,0,0,0,5,0,3,0,0,2,15,0,3,2,1,2,0,0,1,0,0,0,0,0,0
247,4:06,#REF!,49,0,49,4.624576839,0,0,0,0,1,2,2,1,9,0,0,0,5,0,3,0,0,2,15,0,3,2,1,2,0,0,1,0,0,0,0,0,0
248,4:07,#REF!,49,0,49,4.624576839,0,0,0,0,1,2,2,1,9,0,0,0,5,0,3,0,0,2,15,0,3,2,1,2,0,0,1,0,0,0,0,0,0
249,4:08,#REF!,49,0,49,4.624576839,0,0,0,0,1,2,2,1,9,0,0,0,5,0,3,0,0,2,15,0,3,2,1,2,0,0,1,0,0,0,0,0,0
250,4:09,#REF!,49,0,49,4.624576839,0,0,0,0,1,2,2,1,9,0,0,0,5,0,3,0,0,2,15,0,3,2,1,2,0,0,1,0,0,0,0,0,0
251,4:10,#REF!,49,0,49,4.624576839,0,0,0,0,1,2,2,1,9,0,0,0,5,0,3,0,0,2,15,0,3,2,1,2,0,0,1,0,0,0,0,0,0
252,4:11,#REF!,49,0,49,4.624576839,0,0,0,0,1,2,2,1,9,0,0,0,5,0,3,0,0,2,15,0,3,2,1,2,0,0,1,0,0,0,0,0,0
253,4:12,#REF!,49,0,49,4.624576839,0,0,0,0,1,2,2,1,9,0,0,0,5,0,3,0,0,2,15,0,3,2,1,2,0,0,1,0,0,0,0,0,0
254,4:13,#REF!,49,0,49,4.624576839,0,0,0,0,1,2,2,1,9,0,0,0,5,0,3,0,0,2,15,0,3,2,1,2,0,0,1,0,0,0,0,0,0
255,4:14,#REF!,49,0,49,4.624576839,0,0,0,0,1,2,2,1,9,0,0,0,5,0,3,0,0,2,15,0,3,2,1,2,0,0,1,0,0,0,0,0,0
256,4:15,#REF!,49,0,49,4.624576839,0,0,0,0,1,2,2,1,9,0,0,0,5,0,3,0,0,2,15,0,3,2,1,2,0,0,1,0,0,0,0,0,0
257,4:16,#REF!,49,0,49,4.624576839,0,0,0,0,1,2,2,1,9,0,0,0,5,0,3,0,0,2,15,0,3,2,1,2,0,0,1,0,0,0,0,0,0
258,4:17,#REF!,49,0,49,4.624576839,0,0,0,0,1,2,2,1,9,0,0,0,5,0,3,0,0,2,15,0,3,2,1,2,0,0,1,0,0,0,0,0,0
259,4:18,#REF!,49,0,49,4.624576839,0,0,0,0,1,2,2,1,9,0,0,0,5,0,3,0,0,2,15,0,3,2,1,2,0,0,1,0,0,0,0,0,0
260,4:19,#REF!,49,0,49,4.624576839,0,0,0,0,1,2,2,1,9,0,0,0,5,0,3,0,0,2,15,0,3,2,1,2,0,0,1,0,0,0,0,0,0
261,4:20,#REF!,49,0,49,4.624576839,0,0,0,0,1,2,2,1,9,0,0,0,5,0,3,0,0,2,15,0,3,2,1,2,0,0,1,0,0,0,0,0,0
262,4:21,#REF!,49,0,49,4.624576839,0,0,0,0,1,2,2,1,9,0,0,0,5,0,3,0,0,2,15,0,3,2,1,2,0,0,1,0,0,0,0,0,0
263,4:22,#REF!,49,0,49,4.624576839,0,0,0,0,1,2,2,1,9,0,0,0,5,0,3,0,0,2,15,0,3,2,1,2,0,0,1,0,0,0,0,0,0
264,4:23,#REF!,49,0,49,4.624576839,0,0,0,0,1,2,2,1,9,0,0,0,5,0,3,0,0,2,15,0,3,2,1,2,0,0,1,0,0,0,0,0,0
265,4:24,#REF!,49,0,49,4.624576839,0,0,0,0,1,2,2,1,9,0,0,0,5,0,3,0,0,2,15,0,3,2,1,2,0,0,1,0,0,0,0,0,0
266,4:25,#REF!,49,0,49,4.624576839,0,0,0,0,1,2,2,1,9,0,0,0,5,0,3,0,0,2,15,0,3,2,1,2,0,0,1,0,0,0,0,0,0
267,4:26,#REF!,49,0,49,4.624576839,0,0,0,0,1,2,2,1,9,0,0,0,5,0,3,0,0,2,15,0,3,2,1,2,0,0,1,0,0,0,0,0,0
268,4:27,#REF!,49,0,49,4.624576839,0,0,0,0,1,2,2,1,9,0,0,0,5,0,3,0,0,2,15,0,3,2,1,2,0,0,1,0,0,0,0,0,0
269,4:28,#REF!,49,0,49,4.624576839,0,0,0,0,1,2,2,1,9,0,0,0,5,0,3,0,0,2,15,0,3,2,1,2,0,0,1,0,0,0,0,0,0
270,4:29,#REF!,49,0,49,4.624576839,0,0,0,0,1,2,2,1,9,0,0,0,5,0,3,0,0,2,15,0,3,2,1,2,0,0,1,0,0,0,0,0,0
271,4:30,#REF!,49,0,49,4.624576839,0,0,0,0,1,2,2,1,9,0,0,0,5,0,3,0,0,2,15,0,3,2,1,2,0,0,1,0,0,0,0,0,0
272,4:31,#REF!,49,0,49,4.624576839,0,0,0,0,1,2,2,1,9,0,0,0,5,0,3,0,0,2,15,0,3,2,1,2,0,0,1,0,0,0,0,0,0
273,4:32,#REF!,49,0,49,4.624576839,0,0,0,0,1,2,2,1,9,0,0,0,5,0,3,0,0,2,15,0,3,2,1,2,0,0,1,0,0,0,0,0,0
274,4:33,#REF!,49,0,49,4.624576839,0,0,0,0,1,2,2,1,9,0,0,0,5,0,3,0,0,2,15,0,3,2,1,2,0,0,1,0,0,0,0,0,0
275,4:34,#REF!,49,0,49,4.624576839,0,0,0,0,1,2,2,1,9,0,0,0,5,0,3,0,0,2,15,0,3,2,1,2,0,0,1,0,0,0,0,0,0
276,4:35,#REF!,49,0,49,4.624576839,0,0,0,0,1,2,2,1,9,0,0,0,5,0,3,0,0,2,15,0,3,2,1,2,0,0,1,0,0,0,0,0,0
277,4:36,#REF!,49,0,49,4.624576839,0,0,0,0,1,2,2,1,9,0,0,0,5,0,3,0,0,2,15,0,3,2,1,2,0,0,1,0,0,0,0,0,0
278,4:37,#REF!,49,0,49,4.624576839,0,0,0,0,1,2,2,1,9,0,0,0,5,0,3,0,0,2,15,0,3,2,1,2,0,0,1,0,0,0,0,0,0
279,4:38,#REF!,49,0,49,4.624576839,0,0,0,0,1,2,2,1,9,0,0,0,5,0,3,0,0,2,15,0,3,2,1,2,0,0,1,0,0,0,0,0,0
280,4:39,#REF!,49,0,49,4.624576839,0,0,0,0,1,2,2,1,9,0,0,0,5,0,3,0,0,2,15,0,3,2,1,2,0,0,1,0,0,0,0,0,0
281,4:40,#REF!,49,0,49,4.624576839,0,0,0,0,1,2,2,1,9,0,0,0,5,0,3,0,0,2,15,0,3,2,1,2,0,0,1,0,0,0,0,0,0
282,4:41,#REF!,49,0,49,4.624576839,0,0,0,0,1,2,2,1,9,0,0,0,5,0,3,0,0,2,15,0,3,2,1,2,0,0,1,0,0,0,0,0,0
283,4:42,#REF!,49,0,49,4.624576839,0,0,0,0,1,2,2,1,9,0,0,0,5,0,3,0,0,2,15,0,3,2,1,2,0,0,1,0,0,0,0,0,0
284,4:43,#REF!,49,0,49,4.624576839,0,0,0,0,1,2,2,1,9,0,0,0,5,0,3,0,0,2,15,0,3,2,1,2,0,0,1,0,0,0,0,0,0
285,4:44,#REF!,49,0,49,4.624576839,0,0,0,0,1,2,2,1,9,0,0,0,5,0,3,0,0,2,15,0,3,2,1,2,0,0,1,0,0,0,0,0,0
286,4:45,#REF!,49,0,49,4.624576839,0,0,0,0,1,2,2,1,9,0,0,0,5,0,3,0,0,2,15,0,3,2,1,2,0,0,1,0,0,0,0,0,0
287,4:46,#REF!,49,0,49,4.624576839,0,0,0,0,1,2,2,1,9,0,0,0,5,0,3,0,0,2,15,0,3,2,1,2,0,0,1,0,0,0,0,0,0
288,4:47,#REF!,49,0,49,4.624576839,0,0,0,0,1,2,2,1,9,0,0,0,5,0,3,0,0,2,15,0,3,2,1,2,0,0,1,0,0,0,0,0,0
289,4:48,#REF!,49,0,49,4.624576839,0,0,0,0,1,2,2,1,9,0,0,0,5,0,3,0,0,2,15,0,3,2,1,2,0,0,1,0,0,0,0,0,0
290,4:49,#REF!,49,0,49,4.624576839,0,0,0,0,1,2,2,1,9,0,0,0,5,0,3,0,0,2,15,0,3,2,1,2,0,0,1,0,0,0,0,0,0
291,4:50,#REF!,49,0,49,4.624576839,0,0,0,0,1,2,2,1,9,0,0,0,5,0,3,0,0,2,15,0,3,2,1,2,0,0,1,0,0,0,0,0,0
292,4:51,#REF!,49,0,49,4.624576839,0,0,0,0,1,2,2,1,9,0,0,0,5,0,3,0,0,2,15,0,3,2,1,2,0,0,1,0,0,0,0,0,0
293,4:52,#REF!,49,0,49,4.624576839,0,0,0,0,1,2,2,1,9,0,0,0,5,0,3,0,0,2,15,0,3,2,1,2,0,0,1,0,0,0,0,0,0
294,4:53,#REF!,49,0,49,4.624576839,0,0,0,0,1,2,2,1,9,0,0,0,5,0,3,0,0,2,15,0,3,2,1,2,0,0,1,0,0,0,0,0,0
295,4:54,#REF!,49,0,49,4.624576839,0,0,0,0,1,2,2,1,9,0,0,0,5,0,3,0,0,2,15,0,3,2,1,2,0,0,1,0,0,0,0,0,0
296,4:55,#REF!,49,0,49,4.624576839,0,0,0,0,1,2,2,1,9,0,0,0,5,0,3,0,0,2,15,0,3,2,1,2,0,0,1,0,0,0,0,0,0
297,4:56,#REF!,49,0,49,4.624576839,0,0,0,0,1,2,2,1,9,0,0,0,5,0,3,0,0,2,15,0,3,2,1,2,0,0,1,0,0,0,0,0,0
298,4:57,#REF!,49,0,49,4.624576839,0,0,0,0,1,2,2,1,9,0,0,0,5,0,3,0,0,2,15,0,3,2,1,2,0,0,1,0,0,0,0,0,0
299,4:58,#REF!,49,0,49,4.624576839,0,0,0,0,1,2,2,1,9,0,0,0,5,0,3,0,0,2,15,0,3,2,1,2,0,0,1,0,0,0,0,0,0
300,4:59,#REF!,49,0,49,4.624576839,0,0,0,0,1,2,2,1,9,0,0,0,5,0,3,0,0,2,15,0,3,2,1,2,0,0,1,0,0,0,0,0,0
301,5:00,#REF!,49,0,49,4.624576839,0,0,0,0,1,2,2,1,9,0,0,0,5,0,3,0,0,2,15,0,3,2,1,2,0,0,1,0,0,0,0,0,0
302,5:01,#REF!,49,0,49,4.624576839,0,0,0,0,1,2,2,1,9,0,0,0,5,0,3,0,0,2,15,0,3,2,1,2,0,0,1,0,0,0,0,0,0
303,5:02,#REF!,49,0,49,4.624576839,0,0,0,0,1,2,2,1,9,0,0,0,5,0,3,0,0,2,15,0,3,2,1,2,0,0,1,0,0,0,0,0,0
304,5:03,#REF!,49,0,49,4.624576839,0,0,0,0,1,2,2,1,9,0,0,0,5,0,3,0,0,2,15,0,3,2,1,2,0,0,1,0,0,0,0,0,0
305,5:04,#REF!,49,0,49,4.624576839,0,0,0,0,1,2,2,1,9,0,0,0,5,0,3,0,0,2,15,0,3,2,1,2,0,0,1,0,0,0,0,0,0
306,5:05,#REF!,49,0,49,4.624576839,0,0,0,0,1,2,2,1,9,0,0,0,5,0,3,0,0,2,15,0,3,2,1,2,0,0,1,0,0,0,0,0,0
307,5:06,#REF!,49,0,49,4.624576839,0,0,0,0,1,2,2,1,9,0,0,0,5,0,3,0,0,2,15,0,3,2,1,2,0,0,1,0,0,0,0,0,0
308,5:07,#REF!,49,0,49,4.624576839,0,0,0,0,1,2,2,1,9,0,0,0,5,0,3,0,0,2,15,0,3,2,1,2,0,0,1,0,0,0,0,0,0
309,5:08,#REF!,49,0,49,4.624576839,0,0,0,0,1,2,2,1,9,0,0,0,5,0,3,0,0,2,15,0,3,2,1,2,0,0,1,0,0,0,0,0,0
310,5:09,#REF!,49,0,49,4.624576839,0,0,0,0,1,2,2,1,9,0,0,0,5,0,3,0,0,2,15,0,3,2,1,2,0,0,1,0,0,0,0,0,0
311,5:10,#REF!,49,0,49,4.624576839,0,0,0,0,1,2,2,1,9,0,0,0,5,0,3,0,0,2,15,0,3,2,1,2,0,0,1,0,0,0,0,0,0
312,5:11,#REF!,49,0,49,4.624576839,0,0,0,0,1,2,2,1,9,0,0,0,5,0,3,0,0,2,15,0,3,2,1,2,0,0,1,0,0,0,0,0,0
313,5:12,#REF!,49,0,49,4.624576839,0,0,0,0,1,2,2,1,9,0,0,0,5,0,3,0,0,2,15,0,3,2,1,2,0,0,1,0,0,0,0,0,0
314,5:13,#REF!,49,0,49,4.624576839,0,0,0,0,1,2,2,1,9,0,0,0,5,0,3,0,0,2,15,0,3,2,1,2,0,0,1,0,0,0,0,0,0
315,5:14,#REF!,49,0,49,4.624576839,0,0,0,0,1,2,2,1,9,0,0,0,5,0,3,0,0,2,15,0,3,2,1,2,0,0,1,0,0,0,0,0,0
316,5:15,#REF!,49,0,49,4.624576839,0,0,0,0,1,2,2,1,9,0,0,0,5,0,3,0,0,2,15,0,3,2,1,2,0,0,1,0,0,0,0,0,0
317,5:16,#REF!,49,0,49,4.624576839,0,0,0,0,1,2,2,1,9,0,0,0,5,0,3,0,0,2,15,0,3,2,1,2,0,0,1,0,0,0,0,0,0
318,5:17,#REF!,49,0,49,4.624576839,0,0,0,0,1,2,2,1,9,0,0,0,5,0,3,0,0,2,15,0,3,2,1,2,0,0,1,0,0,0,0,0,0
319,5:18,#REF!,49,0,49,4.624576839,0,0,0,0,1,2,2,1,9,0,0,0,5,0,3,0,0,2,15,0,3,2,1,2,0,0,1,0,0,0,0,0,0
320,5:19,#REF!,49,0,49,4.624576839,0,0,0,0,1,2,2,1,9,0,0,0,5,0,3,0,0,2,15,0,3,2,1,2,0,0,1,0,0,0,0,0,0
321,5:20,#REF!,49,0,49,4.624576839,0,0,0,0,1,2,2,1,9,0,0,0,5,0,3,0,0,2,15,0,3,2,1,2,0,0,1,0,0,0,0,0,0
322,5:21,#REF!,49,0,49,4.624576839,0,0,0,0,1,2,2,1,9,0,0,0,5,0,3,0,0,2,15,0,3,2,1,2,0,0,1,0,0,0,0,0,0
323,5:22,#REF!,49,0,49,4.624576839,0,0,0,0,1,2,2,1,9,0,0,0,5,0,3,0,0,2,15,0,3,2,1,2,0,0,1,0,0,0,0,0,0
324,5:23,#REF!,49,0,49,4.624576839,0,0,0,0,1,2,2,1,9,0,0,0,5,0,3,0,0,2,15,0,3,2,1,2,0,0,1,0,0,0,0,0,0
325,5:24,#REF!,49,0,49,4.624576839,0,0,0,0,1,2,2,1,9,0,0,0,5,0,3,0,0,2,15,0,3,2,1,2,0,0,1,0,0,0,0,0,0
326,5:25,#REF!,49,0,49,4.624576839,0,0,0,0,1,2,2,1,9,0,0,0,5,0,3,0,0,2,15,0,3,2,1,2,0,0,1,0,0,0,0,0,0
327,5:26,#REF!,49,0,49,4.624576839,0,0,0,0,1,2,2,1,9,0,0,0,5,0,3,0,0,2,15,0,3,2,1,2,0,0,1,0,0,0,0,0,0
328,5:27,#REF!,49,0,49,4.624576839,0,0,0,0,1,2,2,1,9,0,0,0,5,0,3,0,0,2,15,0,3,2,1,2,0,0,1,0,0,0,0,0,0
329,5:28,#REF!,49,0,49,4.624576839,0,0,0,0,1,2,2,1,9,0,0,0,5,0,3,0,0,2,15,0,3,2,1,2,0,0,1,0,0,0,0,0,0
330,5:29,#REF!,49,0,49,4.624576839,0,0,0,0,1,2,2,1,9,0,0,0,5,0,3,0,0,2,15,0,3,2,1,2,0,0,1,0,0,0,0,0,0
331,5:30,#REF!,49,0,49,4.624576839,0,0,0,0,1,2,2,1,9,0,0,0,5,0,3,0,0,2,15,0,3,2,1,2,0,0,1,0,0,0,0,0,0
332,5:31,#REF!,49,0,49,4.624576839,0,0,0,0,1,2,2,1,9,0,0,0,5,0,3,0,0,2,15,0,3,2,1,2,0,0,1,0,0,0,0,0,0
333,5:32,#REF!,49,0,49,4.624576839,0,0,0,0,1,2,2,1,9,0,0,0,5,0,3,0,0,2,15,0,3,2,1,2,0,0,1,0,0,0,0,0,0
334,5:33,#REF!,49,0,49,4.624576839,0,0,0,0,1,2,2,1,9,0,0,0,5,0,3,0,0,2,15,0,3,2,1,2,0,0,1,0,0,0,0,0,0
335,5:34,#REF!,49,0,49,4.624576839,0,0,0,0,1,2,2,1,9,0,0,0,5,0,3,0,0,2,15,0,3,2,1,2,0,0,1,0,0,0,0,0,0
336,5:35,#REF!,49,0,49,4.624576839,0,0,0,0,1,2,2,1,9,0,0,0,5,0,3,0,0,2,15,0,3,2,1,2,0,0,1,0,0,0,0,0,0
337,5:36,#REF!,49,0,49,4.624576839,0,0,0,0,1,2,2,1,9,0,0,0,5,0,3,0,0,2,15,0,3,2,1,2,0,0,1,0,0,0,0,0,0
338,5:37,#REF!,49,0,49,4.624576839,0,0,0,0,1,2,2,1,9,0,0,0,5,0,3,0,0,2,15,0,3,2,1,2,0,0,1,0,0,0,0,0,0
339,5:38,#REF!,49,0,49,4.624576839,0,0,0,0,1,2,2,1,9,0,0,0,5,0,3,0,0,2,15,0,3,2,1,2,0,0,1,0,0,0,0,0,0
340,5:39,#REF!,49,0,49,4.624576839,0,0,0,0,1,2,2,1,9,0,0,0,5,0,3,0,0,2,15,0,3,2,1,2,0,0,1,0,0,0,0,0,0
341,5:40,#REF!,49,0,49,4.624576839,0,0,0,0,1,2,2,1,9,0,0,0,5,0,3,0,0,2,15,0,3,2,1,2,0,0,1,0,0,0,0,0,0
342,5:41,#REF!,49,0,49,4.624576839,0,0,0,0,1,2,2,1,9,0,0,0,5,0,3,0,0,2,15,0,3,2,1,2,0,0,1,0,0,0,0,0,0
343,5:42,#REF!,49,0,49,4.624576839,0,0,0,0,1,2,2,1,9,0,0,0,5,0,3,0,0,2,15,0,3,2,1,2,0,0,1,0,0,0,0,0,0
344,5:43,#REF!,49,0,49,4.624576839,0,0,0,0,1,2,2,1,9,0,0,0,5,0,3,0,0,2,15,0,3,2,1,2,0,0,1,0,0,0,0,0,0
345,5:44,#REF!,49,0,49,4.624576839,0,0,0,0,1,2,2,1,9,0,0,0,5,0,3,0,0,2,15,0,3,2,1,2,0,0,1,0,0,0,0,0,0
346,5:45,#REF!,49,0,49,4.624576839,0,0,0,0,1,2,2,1,9,0,0,0,5,0,3,0,0,2,15,0,3,2,1,2,0,0,1,0,0,0,0,0,0
347,5:46,#REF!,49,0,49,4.624576839,0,0,0,0,1,2,2,1,9,0,0,0,5,0,3,0,0,2,15,0,3,2,1,2,0,0,1,0,0,0,0,0,0
348,5:47,#REF!,49,0,49,4.624576839,0,0,0,0,1,2,2,1,9,0,0,0,5,0,3,0,0,2,15,0,3,2,1,2,0,0,1,0,0,0,0,0,0
349,5:48,#REF!,49,0,49,4.624576839,0,0,0,0,1,2,2,1,9,0,0,0,5,0,3,0,0,2,15,0,3,2,1,2,0,0,1,0,0,0,0,0,0
350,5:49,#REF!,49,0,49,4.624576839,0,0,0,0,1,2,2,1,9,0,0,0,5,0,3,0,0,2,15,0,3,2,1,2,0,0,1,0,0,0,0,0,0
351,5:50,#REF!,49,0,49,4.624576839,0,0,0,0,1,2,2,1,9,0,0,0,5,0,3,0,0,2,15,0,3,2,1,2,0,0,1,0,0,0,0,0,0
352,5:51,#REF!,49,0,49,4.624576839,0,0,0,0,1,2,2,1,9,0,0,0,5,0,3,0,0,2,15,0,3,2,1,2,0,0,1,0,0,0,0,0,0
353,5:52,#REF!,49,0,49,4.624576839,0,0,0,0,1,2,2,1,9,0,0,0,5,0,3,0,0,2,15,0,3,2,1,2,0,0,1,0,0,0,0,0,0
354,5:53,#REF!,49,0,49,4.624576839,0,0,0,0,1,2,2,1,9,0,0,0,5,0,3,0,0,2,15,0,3,2,1,2,0,0,1,0,0,0,0,0,0
355,5:54,#REF!,49,0,49,4.624576839,0,0,0,0,1,2,2,1,9,0,0,0,5,0,3,0,0,2,15,0,3,2,1,2,0,0,1,0,0,0,0,0,0
356,5:55,#REF!,49,0,49,4.624576839,0,0,0,0,1,2,2,1,9,0,0,0,5,0,3,0,0,2,15,0,3,2,1,2,0,0,1,0,0,0,0,0,0
357,5:56,#REF!,49,0,49,4.624576839,0,0,0,0,1,2,2,1,9,0,0,0,5,0,3,0,0,2,15,0,3,2,1,2,0,0,1,0,0,0,0,0,0
358,5:57,#REF!,49,0,49,4.624576839,0,0,0,0,1,2,2,1,9,0,0,0,5,0,3,0,0,2,15,0,3,2,1,2,0,0,1,0,0,0,0,0,0
359,5:58,#REF!,49,0,49,4.624576839,0,0,0,0,1,2,2,1,9,0,0,0,5,0,3,0,0,2,15,0,3,2,1,2,0,0,1,0,0,0,0,0,0
360,5:59,#REF!,49,0,49,4.624576839,0,0,0,0,1,2,2,1,9,0,0,0,5,0,3,0,0,2,15,0,3,2,1,2,0,0,1,0,0,0,0,0,0
361,6:00,#REF!,49,0,49,4.624576839,0,0,0,0,1,2,2,1,9,0,0,0,5,0,3,0,0,2,15,0,3,2,1,2,0,0,1,0,0,0,0,0,0
362,6:01,#REF!,49,0,49,4.624576839,0,0,0,0,1,2,2,1,9,0,0,0,5,0,3,0,0,2,15,0,3,2,1,2,0,0,1,0,0,0,0,0,0
363,6:02,#REF!,49,0,49,4.624576839,0,0,0,0,1,2,2,1,9,0,0,0,5,0,3,0,0,2,15,0,3,2,1,2,0,0,1,0,0,0,0,0,0
364,6:03,#REF!,49,0,49,4.624576839,0,0,0,0,1,2,2,1,9,0,0,0,5,0,3,0,0,2,15,0,3,2,1,2,0,0,1,0,0,0,0,0,0
365,6:04,#REF!,49,0,49,4.624576839,0,0,0,0,1,2,2,1,9,0,0,0,5,0,3,0,0,2,15,0,3,2,1,2,0,0,1,0,0,0,0,0,0
366,6:05,#REF!,49,0,49,4.624576839,0,0,0,0,1,2,2,1,9,0,0,0,5,0,3,0,0,2,15,0,3,2,1,2,0,0,1,0,0,0,0,0,0
367,6:06,#REF!,49,0,49,4.624576839,0,0,0,0,1,2,2,1,9,0,0,0,5,0,3,0,0,2,15,0,3,2,1,2,0,0,1,0,0,0,0,0,0
368,6:07,#REF!,49,0,49,4.624576839,0,0,0,0,1,2,2,1,9,0,0,0,5,0,3,0,0,2,15,0,3,2,1,2,0,0,1,0,0,0,0,0,0
369,6:08,#REF!,49,0,49,4.624576839,0,0,0,0,1,2,2,1,9,0,0,0,5,0,3,0,0,2,15,0,3,2,1,2,0,0,1,0,0,0,0,0,0
370,6:09,#REF!,49,0,49,4.624576839,0,0,0,0,1,2,2,1,9,0,0,0,5,0,3,0,0,2,15,0,3,2,1,2,0,0,1,0,0,0,0,0,0
371,6:10,#REF!,49,0,49,4.624576839,0,0,0,0,1,2,2,1,9,0,0,0,5,0,3,0,0,2,15,0,3,2,1,2,0,0,1,0,0,0,0,0,0
372,6:11,#REF!,49,0,49,4.624576839,0,0,0,0,1,2,2,1,9,0,0,0,5,0,3,0,0,2,15,0,3,2,1,2,0,0,1,0,0,0,0,0,0
373,6:12,#REF!,49,0,49,4.624576839,0,0,0,0,1,2,2,1,9,0,0,0,5,0,3,0,0,2,15,0,3,2,1,2,0,0,1,0,0,0,0,0,0
374,6:13,#REF!,49,0,49,4.624576839,0,0,0,0,1,2,2,1,9,0,0,0,5,0,3,0,0,2,15,0,3,2,1,2,0,0,1,0,0,0,0,0,0
375,6:14,#REF!,49,0,49,4.624576839,0,0,0,0,1,2,2,1,9,0,0,0,5,0,3,0,0,2,15,0,3,2,1,2,0,0,1,0,0,0,0,0,0
376,6:15,#REF!,49,0,49,4.624576839,0,0,0,0,1,2,2,1,9,0,0,0,5,0,3,0,0,2,15,0,3,2,1,2,0,0,1,0,0,0,0,0,0
377,6:16,#REF!,49,0,49,4.624576839,0,0,0,0,1,2,2,1,9,0,0,0,5,0,3,0,0,2,15,0,3,2,1,2,0,0,1,0,0,0,0,0,0
378,6:17,#REF!,49,0,49,4.624576839,0,0,0,0,1,2,2,1,9,0,0,0,5,0,3,0,0,2,15,0,3,2,1,2,0,0,1,0,0,0,0,0,0
379,6:18,#REF!,49,0,49,4.624576839,0,0,0,0,1,2,2,1,9,0,0,0,5,0,3,0,0,2,15,0,3,2,1,2,0,0,1,0,0,0,0,0,0
380,6:19,#REF!,49,0,49,4.624576839,0,0,0,0,1,2,2,1,9,0,0,0,5,0,3,0,0,2,15,0,3,2,1,2,0,0,1,0,0,0,0,0,0
381,6:20,#REF!,49,0,49,4.624576839,0,0,0,0,1,2,2,1,9,0,0,0,5,0,3,0,0,2,15,0,3,2,1,2,0,0,1,0,0,0,0,0,0
382,6:21,#REF!,49,0,49,4.624576839,0,0,0,0,1,2,2,1,9,0,0,0,5,0,3,0,0,2,15,0,3,2,1,2,0,0,1,0,0,0,0,0,0
383,6:22,#REF!,49,0,49,4.624576839,0,0,0,0,1,2,2,1,9,0,0,0,5,0,3,0,0,2,15,0,3,2,1,2,0,0,1,0,0,0,0,0,0
384,6:23,#REF!,49,0,49,4.624576839,0,0,0,0,1,2,2,1,9,0,0,0,5,0,3,0,0,2,15,0,3,2,1,2,0,0,1,0,0,0,0,0,0
385,6:24,#REF!,49,0,49,4.624576839,0,0,0,0,1,2,2,1,9,0,0,0,5,0,3,0,0,2,15,0,3,2,1,2,0,0,1,0,0,0,0,0,0
386,6:25,#REF!,49,0,49,4.624576839,0,0,0,0,1,2,2,1,9,0,0,0,5,0,3,0,0,2,15,0,3,2,1,2,0,0,1,0,0,0,0,0,0
387,6:26,#REF!,49,0,49,4.624576839,0,0,0,0,1,2,2,1,9,0,0,0,5,0,3,0,0,2,15,0,3,2,1,2,0,0,1,0,0,0,0,0,0
388,6:27,#REF!,49,0,49,4.624576839,0,0,0,0,1,2,2,1,9,0,0,0,5,0,3,0,0,2,15,0,3,2,1,2,0,0,1,0,0,0,0,0,0
389,6:28,#REF!,49,0,49,4.624576839,0,0,0,0,1,2,2,1,9,0,0,0,5,0,3,0,0,2,15,0,3,2,1,2,0,0,1,0,0,0,0,0,0
390,6:29,#REF!,49,0,49,4.624576839,0,0,0,0,1,2,2,1,9,0,0,0,5,0,3,0,0,2,15,0,3,2,1,2,0,0,1,0,0,0,0,0,0
391,6:30,#REF!,49,0,49,4.624576839,0,0,0,0,1,2,2,1,9,0,0,0,5,0,3,0,0,2,15,0,3,2,1,2,0,0,1,0,0,0,0,0,0
392,6:31,#REF!,49,0,49,4.624576839,0,0,0,0,1,2,2,1,9,0,0,0,5,0,3,0,0,2,15,0,3,2,1,2,0,0,1,0,0,0,0,0,0
393,6:32,#REF!,49,0,49,4.624576839,0,0,0,0,1,2,2,1,9,0,0,0,5,0,3,0,0,2,15,0,3,2,1,2,0,0,1,0,0,0,0,0,0
394,6:33,#REF!,49,0,49,4.624576839,0,0,0,0,1,2,2,1,9,0,0,0,5,0,3,0,0,2,15,0,3,2,1,2,0,0,1,0,0,0,0,0,0
395,6:34,#REF!,49,0,49,4.624576839,0,0,0,0,1,2,2,1,9,0,0,0,5,0,3,0,0,2,15,0,3,2,1,2,0,0,1,0,0,0,0,0,0
396,6:35,#REF!,49,0,49,4.624576839,0,0,0,0,1,2,2,1,9,0,0,0,5,0,3,0,0,2,15,0,3,2,1,2,0,0,1,0,0,0,0,0,0
397,6:36,#REF!,49,0,49,4.624576839,0,0,0,0,1,2,2,1,9,0,0,0,5,0,3,0,0,2,15,0,3,2,1,2,0,0,1,0,0,0,0,0,0
398,6:37,#REF!,49,0,49,4.624576839,0,0,0,0,1,2,2,1,9,0,0,0,5,0,3,0,0,2,15,0,3,2,1,2,0,0,1,0,0,0,0,0,0
399,6:38,#REF!,49,0,49,4.624576839,0,0,0,0,1,2,2,1,9,0,0,0,5,0,3,0,0,2,15,0,3,2,1,2,0,0,1,0,0,0,0,0,0
400,6:39,#REF!,49,0,49,4.624576839,0,0,0,0,1,2,2,1,9,0,0,0,5,0,3,0,0,2,15,0,3,2,1,2,0,0,1,0,0,0,0,0,0
401,6:40,#REF!,49,0,49,4.624576839,0,0,0,0,1,2,2,1,9,0,0,0,5,0,3,0,0,2,15,0,3,2,1,2,0,0,1,0,0,0,0,0,0
402,6:41,#REF!,49,0,49,4.624576839,0,0,0,0,1,2,2,1,9,0,0,0,5,0,3,0,0,2,15,0,3,2,1,2,0,0,1,0,0,0,0,0,0
403,6:42,#REF!,49,0,49,4.624576839,0,0,0,0,1,2,2,1,9,0,0,0,5,0,3,0,0,2,15,0,3,2,1,2,0,0,1,0,0,0,0,0,0
404,6:43,#REF!,49,0,49,4.624576839,0,0,0,0,1,2,2,1,9,0,0,0,5,0,3,0,0,2,15,0,3,2,1,2,0,0,1,0,0,0,0,0,0
405,6:44,#REF!,49,0,49,4.624576839,0,0,0,0,1,2,2,1,9,0,0,0,5,0,3,0,0,2,15,0,3,2,1,2,0,0,1,0,0,0,0,0,0
406,6:45,#REF!,49,0,49,4.624576839,0,0,0,0,1,2,2,1,9,0,0,0,5,0,3,0,0,2,15,0,3,2,1,2,0,0,1,0,0,0,0,0,0
407,6:46,#REF!,49,0,49,4.624576839,0,0,0,0,1,2,2,1,9,0,0,0,5,0,3,0,0,2,15,0,3,2,1,2,0,0,1,0,0,0,0,0,0
408,6:47,#REF!,49,0,49,4.624576839,0,0,0,0,1,2,2,1,9,0,0,0,5,0,3,0,0,2,15,0,3,2,1,2,0,0,1,0,0,0,0,0,0
409,6:48,#REF!,49,0,49,4.624576839,0,0,0,0,1,2,2,1,9,0,0,0,5,0,3,0,0,2,15,0,3,2,1,2,0,0,1,0,0,0,0,0,0
410,6:49,#REF!,49,0,49,4.624576839,0,0,0,0,1,2,2,1,9,0,0,0,5,0,3,0,0,2,15,0,3,2,1,2,0,0,1,0,0,0,0,0,0
411,6:50,#REF!,49,0,49,4.624576839,0,0,0,0,1,2,2,1,9,0,0,0,5,0,3,0,0,2,15,0,3,2,1,2,0,0,1,0,0,0,0,0,0
412,6:51,#REF!,49,0,49,4.624576839,0,0,0,0,1,2,2,1,9,0,0,0,5,0,3,0,0,2,15,0,3,2,1,2,0,0,1,0,0,0,0,0,0
413,6:52,#REF!,49,0,49,4.624576839,0,0,0,0,1,2,2,1,9,0,0,0,5,0,3,0,0,2,15,0,3,2,1,2,0,0,1,0,0,0,0,0,0
414,6:53,#REF!,49,0,49,4.624576839,0,0,0,0,1,2,2,1,9,0,0,0,5,0,3,0,0,2,15,0,3,2,1,2,0,0,1,0,0,0,0,0,0
415,6:54,#REF!,49,0,49,4.624576839,0,0,0,0,1,2,2,1,9,0,0,0,5,0,3,0,0,2,15,0,3,2,1,2,0,0,1,0,0,0,0,0,0
416,6:55,#REF!,49,0,49,4.624576839,0,0,0,0,1,2,2,1,9,0,0,0,5,0,3,0,0,2,15,0,3,2,1,2,0,0,1,0,0,0,0,0,0
417,6:56,#REF!,49,0,49,4.624576839,0,0,0,0,1,2,2,1,9,0,0,0,5,0,3,0,0,2,15,0,3,2,1,2,0,0,1,0,0,0,0,0,0
418,6:57,#REF!,49,0,49,4.624576839,0,0,0,0,1,2,2,1,9,0,0,0,5,0,3,0,0,2,15,0,3,2,1,2,0,0,1,0,0,0,0,0,0
419,6:58,#REF!,49,0,49,4.624576839,0,0,0,0,1,2,2,1,9,0,0,0,5,0,3,0,0,2,15,0,3,2,1,2,0,0,1,0,0,0,0,0,0
420,6:59,#REF!,49,0,49,4.624576839,0,0,0,0,1,2,2,1,9,0,0,0,5,0,3,0,0,2,15,0,3,2,1,2,0,0,1,0,0,0,0,0,0
421,7:00,#REF!,49,0,49,4.624576839,0,0,0,0,1,2,2,1,9,0,0,0,5,0,3,0,0,2,15,0,3,2,1,2,0,0,1,0,0,0,0,0,0
422,7:01,#REF!,49,0,49,4.624576839,0,0,0,0,1,2,2,1,9,0,0,0,5,0,3,0,0,2,15,0,3,2,1,2,0,0,1,0,0,0,0,0,0
423,7:02,#REF!,49,0,49,4.624576839,0,0,0,0,1,2,2,1,9,0,0,0,5,0,3,0,0,2,15,0,3,2,1,2,0,0,1,0,0,0,0,0,0
424,7:03,#REF!,49,0,49,4.624576839,0,0,0,0,1,2,2,1,9,0,0,0,5,0,3,0,0,2,15,0,3,2,1,2,0,0,1,0,0,0,0,0,0
425,7:04,#REF!,49,0,49,4.624576839,0,0,0,0,1,2,2,1,9,0,0,0,5,0,3,0,0,2,15,0,3,2,1,2,0,0,1,0,0,0,0,0,0
426,7:05,#REF!,49,0,49,4.624576839,0,0,0,0,1,2,2,1,9,0,0,0,5,0,3,0,0,2,15,0,3,2,1,2,0,0,1,0,0,0,0,0,0
427,7:06,#REF!,49,0,49,4.624576839,0,0,0,0,1,2,2,1,9,0,0,0,5,0,3,0,0,2,15,0,3,2,1,2,0,0,1,0,0,0,0,0,0
428,7:07,#REF!,49,0,49,4.624576839,0,0,0,0,1,2,2,1,9,0,0,0,5,0,3,0,0,2,15,0,3,2,1,2,0,0,1,0,0,0,0,0,0
429,7:08,#REF!,49,0,49,4.624576839,0,0,0,0,1,2,2,1,9,0,0,0,5,0,3,0,0,2,15,0,3,2,1,2,0,0,1,0,0,0,0,0,0
430,7:09,#REF!,49,0,49,4.624576839,0,0,0,0,1,2,2,1,9,0,0,0,5,0,3,0,0,2,15,0,3,2,1,2,0,0,1,0,0,0,0,0,0
431,7:10,#REF!,49,0,49,4.624576839,0,0,0,0,1,2,2,1,9,0,0,0,5,0,3,0,0,2,15,0,3,2,1,2,0,0,1,0,0,0,0,0,0
432,7:11,#REF!,49,0,49,4.624576839,0,0,0,0,1,2,2,1,9,0,0,0,5,0,3,0,0,2,15,0,3,2,1,2,0,0,1,0,0,0,0,0,0
433,7:12,#REF!,49,0,49,4.624576839,0,0,0,0,1,2,2,1,9,0,0,0,5,0,3,0,0,2,15,0,3,2,1,2,0,0,1,0,0,0,0,0,0
434,7:13,#REF!,49,0,49,4.624576839,0,0,0,0,1,2,2,1,9,0,0,0,5,0,3,0,0,2,15,0,3,2,1,2,0,0,1,0,0,0,0,0,0
435,7:14,#REF!,49,0,49,4.624576839,0,0,0,0,1,2,2,1,9,0,0,0,5,0,3,0,0,2,15,0,3,2,1,2,0,0,1,0,0,0,0,0,0
436,7:15,#REF!,49,0,49,4.624576839,0,0,0,0,1,2,2,1,9,0,0,0,5,0,3,0,0,2,15,0,3,2,1,2,0,0,1,0,0,0,0,0,0
437,7:16,#REF!,149,100,49,4.624576839,0,0,0,0,1,2,2,1,9,0,0,0,5,0,3,0,0,2,15,0,3,2,1,2,0,0,1,0,0,0,0,0,0
438,7:17,#REF!,149,100,49,4.624576839,0,0,0,0,1,2,2,1,9,0,0,0,5,0,3,0,0,2,15,0,3,2,1,2,0,0,1,0,0,0,0,0,0
439,7:18,#REF!,89,40,49,4.624576839,0,0,0,0,1,2,2,1,9,0,0,0,5,0,3,0,0,2,15,0,3,2,1,2,0,0,1,0,0,0,0,0,0
440,7:19,#REF!,89,40,49,4.624576839,0,0,0,0,1,2,2,1,9,0,0,0,5,0,3,0,0,2,15,0,3,2,1,2,0,0,1,0,0,0,0,0,0
441,7:20,#REF!,89,40,49,4.624576839,0,0,0,0,1,2,2,1,9,0,0,0,5,0,3,0,0,2,15,0,3,2,1,2,0,0,1,0,0,0,0,0,0
442,7:21,#REF!,89,40,49,4.624576839,0,0,0,0,1,2,2,1,9,0,0,0,5,0,3,0,0,2,15,0,3,2,1,2,0,0,1,0,0,0,0,0,0
443,7:22,#REF!,89,40,49,4.624576839,0,0,0,0,1,2,2,1,9,0,0,0,5,0,3,0,0,2,15,0,3,2,1,2,0,0,1,0,0,0,0,0,0
444,7:23,#REF!,89,40,49,4.624576839,0,0,0,0,1,2,2,1,9,0,0,0,5,0,3,0,0,2,15,0,3,2,1,2,0,0,1,0,0,0,0,0,0
445,7:24,#REF!,89,40,49,4.624576839,0,0,0,0,1,2,2,1,9,0,0,0,5,0,3,0,0,2,15,0,3,2,1,2,0,0,1,0,0,0,0,0,0
446,7:25,#REF!,89,40,49,4.624576839,0,0,0,0,1,2,2,1,9,0,0,0,5,0,3,0,0,2,15,0,3,2,1,2,0,0,1,0,0,0,0,0,0
447,7:26,#REF!,89,40,49,4.624576839,0,0,0,0,1,2,2,1,9,0,0,0,5,0,3,0,0,2,15,0,3,2,1,2,0,0,1,0,0,0,0,0,0
448,7:27,#REF!,89,40,49,4.624576839,0,0,0,0,1,2,2,1,9,0,0,0,5,0,3,0,0,2,15,0,3,2,1,2,0,0,1,0,0,0,0,0,0
449,7:28,#REF!,89,40,49,4.624576839,0,0,0,0,1,2,2,1,9,0,0,0,5,0,3,0,0,2,15,0,3,2,1,2,0,0,1,0,0,0,0,0,0
450,7:29,#REF!,89,40,49,4.624576839,0,0,0,0,1,2,2,1,9,0,0,0,5,0,3,0,0,2,15,0,3,2,1,2,0,0,1,0,0,0,0,0,0
451,7:30,#REF!,89,40,49,4.624576839,0,0,0,0,1,2,2,1,9,0,0,0,5,0,3,0,0,2,15,0,3,2,1,2,0,0,1,0,0,0,0,0,0
452,7:31,#REF!,89,40,49,4.624576839,0,0,0,0,1,2,2,1,9,0,0,0,5,0,3,0,0,2,15,0,3,2,1,2,0,0,1,0,0,0,0,0,0
453,7:32,#REF!,89,40,49,4.624576839,0,0,0,0,1,2,2,1,9,0,0,0,5,0,3,0,0,2,15,0,3,2,1,2,0,0,1,0,0,0,0,0,0
454,7:33,#REF!,89,40,49,4.624576839,0,0,0,0,1,2,2,1,9,0,0,0,5,0,3,0,0,2,15,0,3,2,1,2,0,0,1,0,0,0,0,0,0
455,7:34,#REF!,89,40,49,4.624576839,0,0,0,0,1,2,2,1,9,0,0,0,5,0,3,0,0,2,15,0,3,2,1,2,0,0,1,0,0,0,0,0,0
456,7:35,#REF!,89,40,49,4.624576839,0,0,0,0,1,2,2,1,9,0,0,0,5,0,3,0,0,2,15,0,3,2,1,2,0,0,1,0,0,0,0,0,0
457,7:36,#REF!,89,40,49,4.624576839,0,0,0,0,1,2,2,1,9,0,0,0,5,0,3,0,0,2,15,0,3,2,1,2,0,0,1,0,0,0,0,0,0
458,7:37,#REF!,89,40,49,4.624576839,0,0,0,0,1,2,2,1,9,0,0,0,5,0,3,0,0,2,15,0,3,2,1,2,0,0,1,0,0,0,0,0,0
459,7:38,#REF!,89,40,49,4.624576839,0,0,0,0,1,2,2,1,9,0,0,0,5,0,3,0,0,2,15,0,3,2,1,2,0,0,1,0,0,0,0,0,0
460,7:39,#REF!,89,40,49,4.624576839,0,0,0,0,1,2,2,1,9,0,0,0,5,0,3,0,0,2,15,0,3,2,1,2,0,0,1,0,0,0,0,0,0
461,7:40,#REF!,89,40,49,4.624576839,0,0,0,0,1,2,2,1,9,0,0,0,5,0,3,0,0,2,15,0,3,2,1,2,0,0,1,0,0,0,0,0,0
462,7:41,#REF!,49,0,49,4.624576839,0,0,0,0,1,2,2,1,9,0,0,0,5,0,3,0,0,2,15,0,3,2,1,2,0,0,1,0,0,0,0,0,0
463,7:42,#REF!,49,0,49,4.624576839,0,0,0,0,1,2,2,1,9,0,0,0,5,0,3,0,0,2,15,0,3,2,1,2,0,0,1,0,0,0,0,0,0
464,7:43,#REF!,49,0,49,4.624576839,0,0,0,0,1,2,2,1,9,0,0,0,5,0,3,0,0,2,15,0,3,2,1,2,0,0,1,0,0,0,0,0,0
465,7:44,#REF!,49,0,49,4.624576839,0,0,0,0,1,2,2,1,9,0,0,0,5,0,3,0,0,2,15,0,3,2,1,2,0,0,1,0,0,0,0,0,0
466,7:45,#REF!,49,0,49,4.624576839,0,0,0,0,1,2,2,1,9,0,0,0,5,0,3,0,0,2,15,0,3,2,1,2,0,0,1,0,0,0,0,0,0
467,7:46,#REF!,49,0,49,4.624576839,0,0,0,0,1,2,2,1,9,0,0,0,5,0,3,0,0,2,15,0,3,2,1,2,0,0,1,0,0,0,0,0,0
468,7:47,#REF!,49,0,49,4.624576839,0,0,0,0,1,2,2,1,9,0,0,0,5,0,3,0,0,2,15,0,3,2,1,2,0,0,1,0,0,0,0,0,0
469,7:48,#REF!,49,0,49,4.624576839,0,0,0,0,1,2,2,1,9,0,0,0,5,0,3,0,0,2,15,0,3,2,1,2,0,0,1,0,0,0,0,0,0
470,7:49,#REF!,49,0,49,4.624576839,0,0,0,0,1,2,2,1,9,0,0,0,5,0,3,0,0,2,15,0,3,2,1,2,0,0,1,0,0,0,0,0,0
471,7:50,#REF!,49,0,49,4.624576839,0,0,0,0,1,2,2,1,9,0,0,0,5,0,3,0,0,2,15,0,3,2,1,2,0,0,1,0,0,0,0,0,0
472,7:51,#REF!,49,0,49,4.624576839,0,0,0,0,1,2,2,1,9,0,0,0,5,0,3,0,0,2,15,0,3,2,1,2,0,0,1,0,0,0,0,0,0
473,7:52,#REF!,49,0,49,4.624576839,0,0,0,0,1,2,2,1,9,0,0,0,5,0,3,0,0,2,15,0,3,2,1,2,0,0,1,0,0,0,0,0,0
474,7:53,#REF!,49,0,49,4.624576839,0,0,0,0,1,2,2,1,9,0,0,0,5,0,3,0,0,2,15,0,3,2,1,2,0,0,1,0,0,0,0,0,0
475,7:54,#REF!,49,0,49,4.624576839,0,0,0,0,1,2,2,1,9,0,0,0,5,0,3,0,0,2,15,0,3,2,1,2,0,0,1,0,0,0,0,0,0
476,7:55,#REF!,49,0,49,4.624576839,0,0,0,0,1,2,2,1,9,0,0,0,5,0,3,0,0,2,15,0,3,2,1,2,0,0,1,0,0,0,0,0,0
477,7:56,#REF!,49,0,49,4.624576839,0,0,0,0,1,2,2,1,9,0,0,0,5,0,3,0,0,2,15,0,3,2,1,2,0,0,1,0,0,0,0,0,0
478,7:57,#REF!,49,0,49,4.624576839,0,0,0,0,1,2,2,1,9,0,0,0,5,0,3,0,0,2,15,0,3,2,1,2,0,0,1,0,0,0,0,0,0
479,7:58,#REF!,49,0,49,4.624576839,0,0,0,0,1,2,2,1,9,0,0,0,5,0,3,0,0,2,15,0,3,2,1,2,0,0,1,0,0,0,0,0,0
480,7:59,#REF!,49,0,49,4.624576839,0,0,0,0,1,2,2,1,9,0,0,0,5,0,3,0,0,2,15,0,3,2,1,2,0,0,1,0,0,0,0,0,0
481,8:00,#REF!,49,0,49,4.624576839,0,0,0,0,1,2,2,1,9,0,0,0,5,0,3,0,0,2,15,0,3,2,1,2,0,0,1,0,0,0,0,0,0
482,8:01,#REF!,49,0,49,4.624576839,0,0,0,0,1,2,2,1,9,0,0,0,5,0,3,0,0,2,15,0,3,2,1,2,0,0,1,0,0,0,0,0,0
483,8:02,#REF!,49,0,49,4.624576839,0,0,0,0,1,2,2,1,9,0,0,0,5,0,3,0,0,2,15,0,3,2,1,2,0,0,1,0,0,0,0,0,0
484,8:03,#REF!,49,0,49,4.624576839,0,0,0,0,1,2,2,1,9,0,0,0,5,0,3,0,0,2,15,0,3,2,1,2,0,0,1,0,0,0,0,0,0
485,8:04,#REF!,49,0,49,4.624576839,0,0,0,0,1,2,2,1,9,0,0,0,5,0,3,0,0,2,15,0,3,2,1,2,0,0,1,0,0,0,0,0,0
486,8:05,#REF!,1886,0,1886,4.624576839,0,0,0,0,1,2,2,1,9,0,0,0,5,0,3,0,0,2,15,0,3,2,1838,2,0,0,1,0,0,0,0,0,0
487,8:06,#REF!,1886,0,1886,4.624576839,0,0,0,0,1,2,2,1,9,0,0,0,5,0,3,0,0,2,15,0,3,2,1838,2,0,0,1,0,0,0,0,0,0
488,8:07,#REF!,10681,0,10681,4.624576839,0,0,0,0,1,2,2,1,9,0,0,0,5,0,3,0,0,2,15,0,3,2,1838,2,0,0,1,0,0,0,8795,0,0
489,8:08,#REF!,8844,0,8844,4.624576839,0,0,0,0,1,2,2,1,9,0,0,0,5,0,3,0,0,2,15,0,3,2,1,2,0,0,1,0,0,0,8795,0,0
490,8:09,#REF!,8852,0,8852,4.624576839,0,0,0,0,1,2,2,1,9,0,0,0,5,0,3,0,0,2,23,0,3,2,1,2,0,0,1,0,0,0,8795,0,0
491,8:10,#REF!,57,0,57,4.624576839,0,0,0,0,1,2,2,1,9,0,0,0,5,0,3,0,0,2,23,0,3,2,1,2,0,0,1,0,0,0,0,0,0
492,8:11,#REF!,57,0,57,4.624576839,0,0,0,0,1,2,2,1,9,0,0,0,5,0,3,0,0,2,23,0,3,2,1,2,0,0,1,0,0,0,0,0,0
493,8:12,#REF!,57,0,57,4.624576839,0,0,0,0,1,2,2,1,9,0,0,0,5,0,3,0,0,2,23,0,3,2,1,2,0,0,1,0,0,0,0,0,0
494,8:13,#REF!,57,0,57,4.624576839,0,0,0,0,1,2,2,1,9,0,0,0,5,0,3,0,0,2,23,0,3,2,1,2,0,0,1,0,0,0,0,0,0
495,8:14,#REF!,57,0,57,4.624576839,0,0,0,0,1,2,2,1,9,0,0,0,5,0,3,0,0,2,23,0,3,2,1,2,0,0,1,0,0,0,0,0,0
496,8:15,#REF!,2069,0,2069,4.624576839,0,0,0,0,1,2,2,1,9,0,0,0,5,0,3,0,0,2,23,0,3,2,1,2,0,0,1,0,0,0,0,0,2012
497,8:16,#REF!,2069,0,2069,4.624576839,0,0,0,0,1,2,2,1,9,0,0,0,5,0,3,0,0,2,23,0,3,2,1,2,0,0,1,0,0,0,0,0,2012
498,8:17,#REF!,2069,0,2069,4.624576839,0,0,0,0,1,2,2,1,9,0,0,0,5,0,3,0,0,2,23,0,3,2,1,2,0,0,1,0,0,0,0,0,2012
499,8:18,#REF!,2069,0,2069,4.624576839,0,0,0,0,1,2,2,1,9,0,0,0,5,0,3,0,0,2,23,0,3,2,1,2,0,0,1,0,0,0,0,0,2012
500,8:19,#REF!,2069,0,2069,4.624576839,0,0,0,0,1,2,2,1,9,0,0,0,5,0,3,0,0,2,23,0,3,2,1,2,0,0,1,0,0,0,0,0,2012
501,8:20,#REF!,2069,0,2069,4.624576839,0,0,0,0,1,2,2,1,9,0,0,0,5,0,3,0,0,2,23,0,3,2,1,2,0,0,1,0,0,0,0,0,2012
502,8:21,#REF!,2069,0,2069,4.624576839,0,0,0,0,1,2,2,1,9,0,0,0,5,0,3,0,0,2,23,0,3,2,1,2,0,0,1,0,0,0,0,0,2012
503,8:22,#REF!,2069,0,2069,4.624576839,0,0,0,0,1,2,2,1,9,0,0,0,5,0,3,0,0,2,23,0,3,2,1,2,0,0,1,0,0,0,0,0,2012
504,8:23,#REF!,2069,0,2069,4.624576839,0,0,0,0,1,2,2,1,9,0,0,0,5,0,3,0,0,2,23,0,3,2,1,2,0,0,1,0,0,0,0,0,2012
505,8:24,#REF!,2069,0,2069,4.624576839,0,0,0,0,1,2,2,1,9,0,0,0,5,0,3,0,0,2,23,0,3,2,1,2,0,0,1,0,0,0,0,0,2012
506,8:25,#REF!,2069,0,2069,4.624576839,0,0,0,0,1,2,2,1,9,0,0,0,5,0,3,0,0,2,23,0,3,2,1,2,0,0,1,0,0,0,0,0,2012
507,8:26,#REF!,2069,0,2069,4.624576839,0,0,0,0,1,2,2,1,9,0,0,0,5,0,3,0,0,2,23,0,3,2,1,2,0,0,1,0,0,0,0,0,2012
508,8:27,#REF!,2069,0,2069,4.624576839,0,0,0,0,1,2,2,1,9,0,0,0,5,0,3,0,0,2,23,0,3,2,1,2,0,0,1,0,0,0,0,0,2012
509,8:28,#REF!,2069,0,2069,4.624576839,0,0,0,0,1,2,2,1,9,0,0,0,5,0,3,0,0,2,23,0,3,2,1,2,0,0,1,0,0,0,0,0,2012
510,8:29,#REF!,2069,0,2069,4.624576839,0,0,0,0,1,2,2,1,9,0,0,0,5,0,3,0,0,2,23,0,3,2,1,2,0,0,1,0,0,0,0,0,2012
511,8:30,#REF!,2069,0,2069,4.624576839,0,0,0,0,1,2,2,1,9,0,0,0,5,0,3,0,0,2,23,0,3,2,1,2,0,0,1,0,0,0,0,0,2012
512,8:31,#REF!,2069,0,2069,4.624576839,0,0,0,0,1,2,2,1,9,0,0,0,5,0,3,0,0,2,23,0,3,2,1,2,0,0,1,0,0,0,0,0,2012
513,8:32,#REF!,2069,0,2069,4.624576839,0,0,0,0,1,2,2,1,9,0,0,0,5,0,3,0,0,2,23,0,3,2,1,2,0,0,1,0,0,0,0,0,2012
514,8:33,#REF!,2069,0,2069,4.624576839,0,0,0,0,1,2,2,1,9,0,0,0,5,0,3,0,0,2,23,0,3,2,1,2,0,0,1,0,0,0,0,0,2012
515,8:34,#REF!,2069,0,2069,4.624576839,0,0,0,0,1,2,2,1,9,0,0,0,5,0,3,0,0,2,23,0,3,2,1,2,0,0,1,0,0,0,0,0,2012
516,8:35,#REF!,2069,0,2069,4.624576839,0,0,0,0,1,2,2,1,9,0,0,0,5,0,3,0,0,2,23,0,3,2,1,2,0,0,1,0,0,0,0,0,2012
517,8:36,#REF!,2069,0,2069,4.624576839,0,0,0,0,1,2,2,1,9,0,0,0,5,0,3,0,0,2,23,0,3,2,1,2,0,0,1,0,0,0,0,0,2012
518,8:37,#REF!,2069,0,2069,4.624576839,0,0,0,0,1,2,2,1,9,0,0,0,5,0,3,0,0,2,23,0,3,2,1,2,0,0,1,0,0,0,0,0,2012
519,8:38,#REF!,2069,0,2069,4.624576839,0,0,0,0,1,2,2,1,9,0,0,0,5,0,3,0,0,2,23,0,3,2,1,2,0,0,1,0,0,0,0,0,2012
520,8:39,#REF!,2069,0,2069,4.624576839,0,0,0,0,1,2,2,1,9,0,0,0,5,0,3,0,0,2,23,0,3,2,1,2,0,0,1,0,0,0,0,0,2012
521,8:40,#REF!,2069,0,2069,4.624576839,0,0,0,0,1,2,2,1,9,0,0,0,5,0,3,0,0,2,23,0,3,2,1,2,0,0,1,0,0,0,0,0,2012
522,8:41,#REF!,2069,0,2069,4.624576839,0,0,0,0,1,2,2,1,9,0,0,0,5,0,3,0,0,2,23,0,3,2,1,2,0,0,1,0,0,0,0,0,2012
523,8:42,#REF!,2069,0,2069,4.624576839,0,0,0,0,1,2,2,1,9,0,0,0,5,0,3,0,0,2,23,0,3,2,1,2,0,0,1,0,0,0,0,0,2012
524,8:43,#REF!,2069,0,2069,4.624576839,0,0,0,0,1,2,2,1,9,0,0,0,5,0,3,0,0,2,23,0,3,2,1,2,0,0,1,0,0,0,0,0,2012
525,8:44,#REF!,2069,0,2069,4.624576839,0,0,0,0,1,2,2,1,9,0,0,0,5,0,3,0,0,2,23,0,3,2,1,2,0,0,1,0,0,0,0,0,2012
526,8:45,#REF!,2069,0,2069,4.624576839,0,0,0,0,1,2,2,1,9,0,0,0,5,0,3,0,0,2,23,0,3,2,1,2,0,0,1,0,0,0,0,0,2012
527,8:46,#REF!,2069,0,2069,4.624576839,0,0,0,0,1,2,2,1,9,0,0,0,5,0,3,0,0,2,23,0,3,2,1,2,0,0,1,0,0,0,0,0,2012
528,8:47,#REF!,2069,0,2069,4.624576839,0,0,0,0,1,2,2,1,9,0,0,0,5,0,3,0,0,2,23,0,3,2,1,2,0,0,1,0,0,0,0,0,2012
529,8:48,#REF!,2069,0,2069,4.624576839,0,0,0,0,1,2,2,1,9,0,0,0,5,0,3,0,0,2,23,0,3,2,1,2,0,0,1,0,0,0,0,0,2012
530,8:49,#REF!,2069,0,2069,4.624576839,0,0,0,0,1,2,2,1,9,0,0,0,5,0,3,0,0,2,23,0,3,2,1,2,0,0,1,0,0,0,0,0,2012
531,8:50,#REF!,2069,0,2069,4.624576839,0,0,0,0,1,2,2,1,9,0,0,0,5,0,3,0,0,2,23,0,3,2,1,2,0,0,1,0,0,0,0,0,2012
532,8:51,#REF!,2069,0,2069,4.624576839,0,0,0,0,1,2,2,1,9,0,0,0,5,0,3,0,0,2,23,0,3,2,1,2,0,0,1,0,0,0,0,0,2012
533,8:52,#REF!,2069,0,2069,4.624576839,0,0,0,0,1,2,2,1,9,0,0,0,5,0,3,0,0,2,23,0,3,2,1,2,0,0,1,0,0,0,0,0,2012
534,8:53,#REF!,2069,0,2069,4.624576839,0,0,0,0,1,2,2,1,9,0,0,0,5,0,3,0,0,2,23,0,3,2,1,2,0,0,1,0,0,0,0,0,2012
535,8:54,#REF!,2069,0,2069,4.624576839,0,0,0,0,1,2,2,1,9,0,0,0,5,0,3,0,0,2,23,0,3,2,1,2,0,0,1,0,0,0,0,0,2012
536,8:55,#REF!,2069,0,2069,4.624576839,0,0,0,0,1,2,2,1,9,0,0,0,5,0,3,0,0,2,23,0,3,2,1,2,0,0,1,0,0,0,0,0,2012
537,8:56,#REF!,2069,0,2069,4.624576839,0,0,0,0,1,2,2,1,9,0,0,0,5,0,3,0,0,2,23,0,3,2,1,2,0,0,1,0,0,0,0,0,2012
538,8:57,#REF!,2069,0,2069,4.624576839,0,0,0,0,1,2,2,1,9,0,0,0,5,0,3,0,0,2,23,0,3,2,1,2,0,0,1,0,0,0,0,0,2012
539,8:58,#REF!,2069,0,2069,4.624576839,0,0,0,0,1,2,2,1,9,0,0,0,5,0,3,0,0,2,23,0,3,2,1,2,0,0,1,0,0,0,0,0,2012
540,8:59,#REF!,2069,0,2069,4.624576839,0,0,0,0,1,2,2,1,9,0,0,0,5,0,3,0,0,2,23,0,3,2,1,2,0,0,1,0,0,0,0,0,2012
541,9:00,#REF!,2069,0,2069,4.624576839,0,0,0,0,1,2,2,1,9,0,0,0,5,0,3,0,0,2,23,0,3,2,1,2,0,0,1,0,0,0,0,0,2012
542,9:01,#REF!,2069,0,2069,4.624576839,0,0,0,0,1,2,2,1,9,0,0,0,5,0,3,0,0,2,23,0,3,2,1,2,0,0,1,0,0,0,0,0,2012
543,9:02,#REF!,2069,0,2069,4.624576839,0,0,0,0,1,2,2,1,9,0,0,0,5,0,3,0,0,2,23,0,3,2,1,2,0,0,1,0,0,0,0,0,2012
544,9:03,#REF!,2069,0,2069,4.624576839,0,0,0,0,1,2,2,1,9,0,0,0,5,0,3,0,0,2,23,0,3,2,1,2,0,0,1,0,0,0,0,0,2012
545,9:04,#REF!,2069,0,2069,4.624576839,0,0,0,0,1,2,2,1,9,0,0,0,5,0,3,0,0,2,23,0,3,2,1,2,0,0,1,0,0,0,0,0,2012
546,9:05,#REF!,2069,0,2069,4.624576839,0,0,0,0,1,2,2,1,9,0,0,0,5,0,3,0,0,2,23,0,3,2,1,2,0,0,1,0,0,0,0,0,2012
547,9:06,#REF!,2069,0,2069,4.624576839,0,0,0,0,1,2,2,1,9,0,0,0,5,0,3,0,0,2,23,0,3,2,1,2,0,0,1,0,0,0,0,0,2012
548,9:07,#REF!,2069,0,2069,4.624576839,0,0,0,0,1,2,2,1,9,0,0,0,5,0,3,0,0,2,23,0,3,2,1,2,0,0,1,0,0,0,0,0,2012
549,9:08,#REF!,2069,0,2069,4.624576839,0,0,0,0,1,2,2,1,9,0,0,0,5,0,3,0,0,2,23,0,3,2,1,2,0,0,1,0,0,0,0,0,2012
550,9:09,#REF!,2069,0,2069,4.624576839,0,0,0,0,1,2,2,1,9,0,0,0,5,0,3,0,0,2,23,0,3,2,1,2,0,0,1,0,0,0,0,0,2012
551,9:10,#REF!,2069,0,2069,4.624576839,0,0,0,0,1,2,2,1,9,0,0,0,5,0,3,0,0,2,23,0,3,2,1,2,0,0,1,0,0,0,0,0,2012
552,9:11,#REF!,2069,0,2069,4.624576839,0,0,0,0,1,2,2,1,9,0,0,0,5,0,3,0,0,2,23,0,3,2,1,2,0,0,1,0,0,0,0,0,2012
553,9:12,#REF!,2069,0,2069,4.624576839,0,0,0,0,1,2,2,1,9,0,0,0,5,0,3,0,0,2,23,0,3,2,1,2,0,0,1,0,0,0,0,0,2012
554,9:13,#REF!,2069,0,2069,4.624576839,0,0,0,0,1,2,2,1,9,0,0,0,5,0,3,0,0,2,23,0,3,2,1,2,0,0,1,0,0,0,0,0,2012
555,9:14,#REF!,2069,0,2069,4.624576839,0,0,0,0,1,2,2,1,9,0,0,0,5,0,3,0,0,2,23,0,3,2,1,2,0,0,1,0,0,0,0,0,2012
556,9:15,#REF!,2069,0,2069,4.624576839,0,0,0,0,1,2,2,1,9,0,0,0,5,0,3,0,0,2,23,0,3,2,1,2,0,0,1,0,0,0,0,0,2012
557,9:16,#REF!,2082,0,2082,4.624576839,0,0,0,0,1,15,2,1,9,0,0,0,5,0,3,0,0,2,23,0,3,2,1,2,0,0,1,0,0,0,0,0,2012
558,9:17,#REF!,2082,0,2082,4.624576839,0,0,0,0,1,15,2,1,9,0,0,0,5,0,3,0,0,2,23,0,3,2,1,2,0,0,1,0,0,0,0,0,2012
559,9:18,#REF!,2082,0,2082,4.624576839,0,0,0,0,1,15,2,1,9,0,0,0,5,0,3,0,0,2,23,0,3,2,1,2,0,0,1,0,0,0,0,0,2012
560,9:19,#REF!,2082,0,2082,4.624576839,0,0,0,0,1,15,2,1,9,0,0,0,5,0,3,0,0,2,23,0,3,2,1,2,0,0,1,0,0,0,0,0,2012
561,9:20,#REF!,2082,0,2082,4.624576839,0,0,0,0,1,15,2,1,9,0,0,0,5,0,3,0,0,2,23,0,3,2,1,2,0,0,1,0,0,0,0,0,2012
562,9:21,#REF!,2082,0,2082,4.624576839,0,0,0,0,1,15,2,1,9,0,0,0,5,0,3,0,0,2,23,0,3,2,1,2,0,0,1,0,0,0,0,0,2012
563,9:22,#REF!,2074,0,2074,4.624576839,0,0,0,0,1,15,2,1,9,0,0,0,5,0,3,0,0,2,15,0,3,2,1,2,0,0,1,0,0,0,0,0,2012
564,9:23,#REF!,2074,0,2074,4.624576839,0,0,0,0,1,15,2,1,9,0,0,0,5,0,3,0,0,2,15,0,3,2,1,2,0,0,1,0,0,0,0,0,2012
565,9:24,#REF!,2074,0,2074,4.624576839,0,0,0,0,1,15,2,1,9,0,0,0,5,0,3,0,0,2,15,0,3,2,1,2,0,0,1,0,0,0,0,0,2012
566,9:25,#REF!,2074,0,2074,4.624576839,0,0,0,0,1,15,2,1,9,0,0,0,5,0,3,0,0,2,15,0,3,2,1,2,0,0,1,0,0,0,0,0,2012
567,9:26,#REF!,2181,0,2181,56.44704206,0,0,0,0,1,15,2,1,9,0,0,0,5,0,110,0,0,2,15,0,3,2,1,2,0,0,1,0,0,0,0,0,2012
568,9:27,#REF!,2181,0,2181,56.44704206,0,0,0,0,1,15,2,1,9,0,0,0,5,0,110,0,0,2,15,0,3,2,1,2,0,0,1,0,0,0,0,0,2012
569,9:28,#REF!,2181,0,2181,56.44704206,0,0,0,0,1,15,2,1,9,0,0,0,5,0,110,0,0,2,15,0,3,2,1,2,0,0,1,0,0,0,0,0,2012
570,9:29,#REF!,2181,0,2181,56.44704206,0,0,0,0,1,15,2,1,9,0,0,0,5,0,110,0,0,2,15,0,3,2,1,2,0,0,1,0,0,0,0,0,2012
571,9:30,#REF!,2181,0,2181,56.44704206,0,0,0,0,1,15,2,1,9,0,0,0,5,0,110,0,0,2,15,0,3,2,1,2,0,0,1,0,0,0,0,0,2012
572,9:31,#REF!,2181,0,2181,56.44704206,0,0,0,0,1,15,2,1,9,0,0,0,5,0,110,0,0,2,15,0,3,2,1,2,0,0,1,0,0,0,0,0,2012
573,9:32,#REF!,2181,0,2181,56.44704206,0,0,0,0,1,15,2,1,9,0,0,0,5,0,110,0,0,2,15,0,3,2,1,2,0,0,1,0,0,0,0,0,2012
574,9:33,#REF!,2181,0,2181,56.44704206,0,0,0,0,1,15,2,1,9,0,0,0,5,0,110,0,0,2,15,0,3,2,1,2,0,0,1,0,0,0,0,0,2012
575,9:34,#REF!,2181,0,2181,56.44704206,0,0,0,0,1,15,2,1,9,0,0,0,5,0,110,0,0,2,15,0,3,2,1,2,0,0,1,0,0,0,0,0,2012
576,9:35,#REF!,2181,0,2181,56.44704206,0,0,0,0,1,15,2,1,9,0,0,0,5,0,110,0,0,2,15,0,3,2,1,2,0,0,1,0,0,0,0,0,2012
577,9:36,#REF!,2181,0,2181,56.44704206,0,0,0,0,1,15,2,1,9,0,0,0,5,0,110,0,0,2,15,0,3,2,1,2,0,0,1,0,0,0,0,0,2012
578,9:37,#REF!,2181,0,2181,56.44704206,0,0,0,0,1,15,2,1,9,0,0,0,5,0,110,0,0,2,15,0,3,2,1,2,0,0,1,0,0,0,0,0,2012
579,9:38,#REF!,2181,0,2181,56.44704206,0,0,0,0,1,15,2,1,9,0,0,0,5,0,110,0,0,2,15,0,3,2,1,2,0,0,1,0,0,0,0,0,2012
580,9:39,#REF!,2181,0,2181,56.44704206,0,0,0,0,1,15,2,1,9,0,0,0,5,0,110,0,0,2,15,0,3,2,1,2,0,0,1,0,0,0,0,0,2012
581,9:40,#REF!,2181,0,2181,56.44704206,0,0,0,0,1,15,2,1,9,0,0,0,5,0,110,0,0,2,15,0,3,2,1,2,0,0,1,0,0,0,0,0,2012
582,9:41,#REF!,2181,0,2181,56.44704206,0,0,0,0,1,15,2,1,9,0,0,0,5,0,110,0,0,2,15,0,3,2,1,2,0,0,1,0,0,0,0,0,2012
583,9:42,#REF!,2181,0,2181,56.44704206,0,0,0,0,1,15,2,1,9,0,0,0,5,0,110,0,0,2,15,0,3,2,1,2,0,0,1,0,0,0,0,0,2012
584,9:43,#REF!,2181,0,2181,56.44704206,0,0,0,0,1,15,2,1,9,0,0,0,5,0,110,0,0,2,15,0,3,2,1,2,0,0,1,0,0,0,0,0,2012
585,9:44,#REF!,2181,0,2181,56.44704206,0,0,0,0,1,15,2,1,9,0,0,0,5,0,110,0,0,2,15,0,3,2,1,2,0,0,1,0,0,0,0,0,2012
586,9:45,#REF!,2181,0,2181,56.44704206,0,0,0,0,1,15,2,1,9,0,0,0,5,0,110,0,0,2,15,0,3,2,1,2,0,0,1,0,0,0,0,0,2012
587,9:46,#REF!,2181,0,2181,56.44704206,0,0,0,0,1,15,2,1,9,0,0,0,5,0,110,0,0,2,15,0,3,2,1,2,0,0,1,0,0,0,0,0,2012
588,9:47,#REF!,2181,0,2181,56.44704206,0,0,0,0,1,15,2,1,9,0,0,0,5,0,110,0,0,2,15,0,3,2,1,2,0,0,1,0,0,0,0,0,2012
589,9:48,#REF!,2181,0,2181,56.44704206,0,0,0,0,1,15,2,1,9,0,0,0,5,0,110,0,0,2,15,0,3,2,1,2,0,0,1,0,0,0,0,0,2012
590,9:49,#REF!,2181,0,2181,56.44704206,0,0,0,0,1,15,2,1,9,0,0,0,5,0,110,0,0,2,15,0,3,2,1,2,0,0,1,0,0,0,0,0,2012
591,9:50,#REF!,2181,0,2181,56.44704206,0,0,0,0,1,15,2,1,9,0,0,0,5,0,110,0,0,2,15,0,3,2,1,2,0,0,1,0,0,0,0,0,2012
592,9:51,#REF!,2181,0,2181,56.44704206,0,0,0,0,1,15,2,1,9,0,0,0,5,0,110,0,0,2,15,0,3,2,1,2,0,0,1,0,0,0,0,0,2012
593,9:52,#REF!,2181,0,2181,56.44704206,0,0,0,0,1,15,2,1,9,0,0,0,5,0,110,0,0,2,15,0,3,2,1,2,0,0,1,0,0,0,0,0,2012
594,9:53,#REF!,10976,0,10976,56.44704206,0,0,0,0,1,15,2,1,9,0,0,0,5,0,110,0,0,2,15,0,3,2,1,2,0,0,1,0,0,0,8795,0,2012
595,9:54,#REF!,10976,0,10976,56.44704206,0,0,0,0,1,15,2,1,9,0,0,0,5,0,110,0,0,2,15,0,3,2,1,2,0,0,1,0,0,0,8795,0,2012
596,9:55,#REF!,10976,0,10976,56.44704206,0,0,0,0,1,15,2,1,9,0,0,0,5,0,110,0,0,2,15,0,3,2,1,2,0,0,1,0,0,0,8795,0,2012
597,9:56,#REF!,2181,0,2181,56.44704206,0,0,0,0,1,15,2,1,9,0,0,0,5,0,110,0,0,2,15,0,3,2,1,2,0,0,1,0,0,0,0,0,2012
598,9:57,#REF!,2181,0,2181,56.44704206,0,0,0,0,1,15,2,1,9,0,0,0,5,0,110,0,0,2,15,0,3,2,1,2,0,0,1,0,0,0,0,0,2012
599,9:58,#REF!,2181,0,2181,56.44704206,0,0,0,0,1,15,2,1,9,0,0,0,5,0,110,0,0,2,15,0,3,2,1,2,0,0,1,0,0,0,0,0,2012
600,9:59,#REF!,2181,0,2181,56.44704206,0,0,0,0,1,15,2,1,9,0,0,0,5,0,110,0,0,2,15,0,3,2,1,2,0,0,1,0,0,0,0,0,2012
601,10:00,#REF!,49,0,49,4.624576839,0,0,0,0,1,2,2,1,9,0,0,0,5,0,3,0,0,2,15,0,3,2,1,2,0,0,1,0,0,0,0,0,0
602,10:01,#REF!,49,0,49,4.624576839,0,0,0,0,1,2,2,1,9,0,0,0,5,0,3,0,0,2,15,0,3,2,1,2,0,0,1,0,0,0,0,0,0
603,10:02,#REF!,49,0,49,4.624576839,0,0,0,0,1,2,2,1,9,0,0,0,5,0,3,0,0,2,15,0,3,2,1,2,0,0,1,0,0,0,0,0,0
604,10:03,#REF!,49,0,49,4.624576839,0,0,0,0,1,2,2,1,9,0,0,0,5,0,3,0,0,2,15,0,3,2,1,2,0,0,1,0,0,0,0,0,0
605,10:04,#REF!,49,0,49,4.624576839,0,0,0,0,1,2,2,1,9,0,0,0,5,0,3,0,0,2,15,0,3,2,1,2,0,0,1,0,0,0,0,0,0
606,10:05,#REF!,49,0,49,4.624576839,0,0,0,0,1,2,2,1,9,0,0,0,5,0,3,0,0,2,15,0,3,2,1,2,0,0,1,0,0,0,0,0,0
607,10:06,#REF!,49,0,49,4.624576839,0,0,0,0,1,2,2,1,9,0,0,0,5,0,3,0,0,2,15,0,3,2,1,2,0,0,1,0,0,0,0,0,0
608,10:07,#REF!,49,0,49,4.624576839,0,0,0,0,1,2,2,1,9,0,0,0,5,0,3,0,0,2,15,0,3,2,1,2,0,0,1,0,0,0,0,0,0
609,10:08,#REF!,49,0,49,4.624576839,0,0,0,0,1,2,2,1,9,0,0,0,5,0,3,0,0,2,15,0,3,2,1,2,0,0,1,0,0,0,0,0,0
610,10:09,#REF!,49,0,49,4.624576839,0,0,0,0,1,2,2,1,9,0,0,0,5,0,3,0,0,2,15,0,3,2,1,2,0,0,1,0,0,0,0,0,0
611,10:10,#REF!,49,0,49,4.624576839,0,0,0,0,1,2,2,1,9,0,0,0,5,0,3,0,0,2,15,0,3,2,1,2,0,0,1,0,0,0,0,0,0
612,10:11,#REF!,49,0,49,4.624576839,0,0,0,0,1,2,2,1,9,0,0,0,5,0,3,0,0,2,15,0,3,2,1,2,0,0,1,0,0,0,0,0,0
613,10:12,#REF!,49,0,49,4.624576839,0,0,0,0,1,2,2,1,9,0,0,0,5,0,3,0,0,2,15,0,3,2,1,2,0,0,1,0,0,0,0,0,0
614,10:13,#REF!,49,0,49,4.624576839,0,0,0,0,1,2,2,1,9,0,0,0,5,0,3,0,0,2,15,0,3,2,1,2,0,0,1,0,0,0,0,0,0
615,10:14,#REF!,49,0,49,4.624576839,0,0,0,0,1,2,2,1,9,0,0,0,5,0,3,0,0,2,15,0,3,2,1,2,0,0,1,0,0,0,0,0,0
616,10:15,#REF!,49,0,49,4.624576839,0,0,0,0,1,2,2,1,9,0,0,0,5,0,3,0,0,2,15,0,3,2,1,2,0,0,1,0,0,0,0,0,0
617,10:16,#REF!,49,0,49,4.624576839,0,0,0,0,1,2,2,1,9,0,0,0,5,0,3,0,0,2,15,0,3,2,1,2,0,0,1,0,0,0,0,0,0
618,10:17,#REF!,49,0,49,4.624576839,0,0,0,0,1,2,2,1,9,0,0,0,5,0,3,0,0,2,15,0,3,2,1,2,0,0,1,0,0,0,0,0,0
619,10:18,#REF!,49,0,49,4.624576839,0,0,0,0,1,2,2,1,9,0,0,0,5,0,3,0,0,2,15,0,3,2,1,2,0,0,1,0,0,0,0,0,0
620,10:19,#REF!,49,0,49,4.624576839,0,0,0,0,1,2,2,1,9,0,0,0,5,0,3,0,0,2,15,0,3,2,1,2,0,0,1,0,0,0,0,0,0
621,10:20,#REF!,49,0,49,4.624576839,0,0,0,0,1,2,2,1,9,0,0,0,5,0,3,0,0,2,15,0,3,2,1,2,0,0,1,0,0,0,0,0,0
622,10:21,#REF!,49,0,49,4.624576839,0,0,0,0,1,2,2,1,9,0,0,0,5,0,3,0,0,2,15,0,3,2,1,2,0,0,1,0,0,0,0,0,0
623,10:22,#REF!,49,0,49,4.624576839,0,0,0,0,1,2,2,1,9,0,0,0,5,0,3,0,0,2,15,0,3,2,1,2,0,0,1,0,0,0,0,0,0
624,10:23,#REF!,49,0,49,4.624576839,0,0,0,0,1,2,2,1,9,0,0,0,5,0,3,0,0,2,15,0,3,2,1,2,0,0,1,0,0,0,0,0,0
625,10:24,#REF!,49,0,49,4.624576839,0,0,0,0,1,2,2,1,9,0,0,0,5,0,3,0,0,2,15,0,3,2,1,2,0,0,1,0,0,0,0,0,0
626,10:25,#REF!,49,0,49,4.624576839,0,0,0,0,1,2,2,1,9,0,0,0,5,0,3,0,0,2,15,0,3,2,1,2,0,0,1,0,0,0,0,0,0
627,10:26,#REF!,49,0,49,4.624576839,0,0,0,0,1,2,2,1,9,0,0,0,5,0,3,0,0,2,15,0,3,2,1,2,0,0,1,0,0,0,0,0,0
628,10:27,#REF!,49,0,49,4.624576839,0,0,0,0,1,2,2,1,9,0,0,0,5,0,3,0,0,2,15,0,3,2,1,2,0,0,1,0,0,0,0,0,0
629,10:28,#REF!,49,0,49,4.624576839,0,0,0,0,1,2,2,1,9,0,0,0,5,0,3,0,0,2,15,0,3,2,1,2,0,0,1,0,0,0,0,0,0
630,10:29,#REF!,49,0,49,4.624576839,0,0,0,0,1,2,2,1,9,0,0,0,5,0,3,0,0,2,15,0,3,2,1,2,0,0,1,0,0,0,0,0,0
631,10:30,#REF!,49,0,49,4.624576839,0,0,0,0,1,2,2,1,9,0,0,0,5,0,3,0,0,2,15,0,3,2,1,2,0,0,1,0,0,0,0,0,0
632,10:31,#REF!,49,0,49,4.624576839,0,0,0,0,1,2,2,1,9,0,0,0,5,0,3,0,0,2,15,0,3,2,1,2,0,0,1,0,0,0,0,0,0
633,10:32,#REF!,49,0,49,4.624576839,0,0,0,0,1,2,2,1,9,0,0,0,5,0,3,0,0,2,15,0,3,2,1,2,0,0,1,0,0,0,0,0,0
634,10:33,#REF!,49,0,49,4.624576839,0,0,0,0,1,2,2,1,9,0,0,0,5,0,3,0,0,2,15,0,3,2,1,2,0,0,1,0,0,0,0,0,0
635,10:34,#REF!,49,0,49,4.624576839,0,0,0,0,1,2,2,1,9,0,0,0,5,0,3,0,0,2,15,0,3,2,1,2,0,0,1,0,0,0,0,0,0
636,10:35,#REF!,49,0,49,4.624576839,0,0,0,0,1,2,2,1,9,0,0,0,5,0,3,0,0,2,15,0,3,2,1,2,0,0,1,0,0,0,0,0,0
637,10:36,#REF!,49,0,49,4.624576839,0,0,0,0,1,2,2,1,9,0,0,0,5,0,3,0,0,2,15,0,3,2,1,2,0,0,1,0,0,0,0,0,0
638,10:37,#REF!,49,0,49,4.624576839,0,0,0,0,1,2,2,1,9,0,0,0,5,0,3,0,0,2,15,0,3,2,1,2,0,0,1,0,0,0,0,0,0
639,10:38,#REF!,49,0,49,4.624576839,0,0,0,0,1,2,2,1,9,0,0,0,5,0,3,0,0,2,15,0,3,2,1,2,0,0,1,0,0,0,0,0,0
640,10:39,#REF!,49,0,49,4.624576839,0,0,0,0,1,2,2,1,9,0,0,0,5,0,3,0,0,2,15,0,3,2,1,2,0,0,1,0,0,0,0,0,0
641,10:40,#REF!,49,0,49,4.624576839,0,0,0,0,1,2,2,1,9,0,0,0,5,0,3,0,0,2,15,0,3,2,1,2,0,0,1,0,0,0,0,0,0
642,10:41,#REF!,49,0,49,4.624576839,0,0,0,0,1,2,2,1,9,0,0,0,5,0,3,0,0,2,15,0,3,2,1,2,0,0,1,0,0,0,0,0,0
643,10:42,#REF!,49,0,49,4.624576839,0,0,0,0,1,2,2,1,9,0,0,0,5,0,3,0,0,2,15,0,3,2,1,2,0,0,1,0,0,0,0,0,0
644,10:43,#REF!,49,0,49,4.624576839,0,0,0,0,1,2,2,1,9,0,0,0,5,0,3,0,0,2,15,0,3,2,1,2,0,0,1,0,0,0,0,0,0
645,10:44,#REF!,49,0,49,4.624576839,0,0,0,0,1,2,2,1,9,0,0,0,5,0,3,0,0,2,15,0,3,2,1,2,0,0,1,0,0,0,0,0,0
646,10:45,#REF!,49,0,49,4.624576839,0,0,0,0,1,2,2,1,9,0,0,0,5,0,3,0,0,2,15,0,3,2,1,2,0,0,1,0,0,0,0,0,0
647,10:46,#REF!,49,0,49,4.624576839,0,0,0,0,1,2,2,1,9,0,0,0,5,0,3,0,0,2,15,0,3,2,1,2,0,0,1,0,0,0,0,0,0
648,10:47,#REF!,49,0,49,4.624576839,0,0,0,0,1,2,2,1,9,0,0,0,5,0,3,0,0,2,15,0,3,2,1,2,0,0,1,0,0,0,0,0,0
649,10:48,#REF!,49,0,49,4.624576839,0,0,0,0,1,2,2,1,9,0,0,0,5,0,3,0,0,2,15,0,3,2,1,2,0,0,1,0,0,0,0,0,0
650,10:49,#REF!,49,0,49,4.624576839,0,0,0,0,1,2,2,1,9,0,0,0,5,0,3,0,0,2,15,0,3,2,1,2,0,0,1,0,0,0,0,0,0
651,10:50,#REF!,49,0,49,4.624576839,0,0,0,0,1,2,2,1,9,0,0,0,5,0,3,0,0,2,15,0,3,2,1,2,0,0,1,0,0,0,0,0,0
652,10:51,#REF!,49,0,49,4.624576839,0,0,0,0,1,2,2,1,9,0,0,0,5,0,3,0,0,2,15,0,3,2,1,2,0,0,1,0,0,0,0,0,0
653,10:52,#REF!,49,0,49,4.624576839,0,0,0,0,1,2,2,1,9,0,0,0,5,0,3,0,0,2,15,0,3,2,1,2,0,0,1,0,0,0,0,0,0
654,10:53,#REF!,49,0,49,4.624576839,0,0,0,0,1,2,2,1,9,0,0,0,5,0,3,0,0,2,15,0,3,2,1,2,0,0,1,0,0,0,0,0,0
655,10:54,#REF!,49,0,49,4.624576839,0,0,0,0,1,2,2,1,9,0,0,0,5,0,3,0,0,2,15,0,3,2,1,2,0,0,1,0,0,0,0,0,0
656,10:55,#REF!,49,0,49,4.624576839,0,0,0,0,1,2,2,1,9,0,0,0,5,0,3,0,0,2,15,0,3,2,1,2,0,0,1,0,0,0,0,0,0
657,10:56,#REF!,49,0,49,4.624576839,0,0,0,0,1,2,2,1,9,0,0,0,5,0,3,0,0,2,15,0,3,2,1,2,0,0,1,0,0,0,0,0,0
658,10:57,#REF!,49,0,49,4.624576839,0,0,0,0,1,2,2,1,9,0,0,0,5,0,3,0,0,2,15,0,3,2,1,2,0,0,1,0,0,0,0,0,0
659,10:58,#REF!,49,0,49,4.624576839,0,0,0,0,1,2,2,1,9,0,0,0,5,0,3,0,0,2,15,0,3,2,1,2,0,0,1,0,0,0,0,0,0
660,10:59,#REF!,49,0,49,4.624576839,0,0,0,0,1,2,2,1,9,0,0,0,5,0,3,0,0,2,15,0,3,2,1,2,0,0,1,0,0,0,0,0,0
661,11:00,#REF!,49,0,49,4.624576839,0,0,0,0,1,2,2,1,9,0,0,0,5,0,3,0,0,2,15,0,3,2,1,2,0,0,1,0,0,0,0,0,0
662,11:01,#REF!,49,0,49,4.624576839,0,0,0,0,1,2,2,1,9,0,0,0,5,0,3,0,0,2,15,0,3,2,1,2,0,0,1,0,0,0,0,0,0
663,11:02,#REF!,49,0,49,4.624576839,0,0,0,0,1,2,2,1,9,0,0,0,5,0,3,0,0,2,15,0,3,2,1,2,0,0,1,0,0,0,0,0,0
664,11:03,#REF!,49,0,49,4.624576839,0,0,0,0,1,2,2,1,9,0,0,0,5,0,3,0,0,2,15,0,3,2,1,2,0,0,1,0,0,0,0,0,0
665,11:04,#REF!,49,0,49,4.624576839,0,0,0,0,1,2,2,1,9,0,0,0,5,0,3,0,0,2,15,0,3,2,1,2,0,0,1,0,0,0,0,0,0
666,11:05,#REF!,49,0,49,4.624576839,0,0,0,0,1,2,2,1,9,0,0,0,5,0,3,0,0,2,15,0,3,2,1,2,0,0,1,0,0,0,0,0,0
667,11:06,#REF!,49,0,49,4.624576839,0,0,0,0,1,2,2,1,9,0,0,0,5,0,3,0,0,2,15,0,3,2,1,2,0,0,1,0,0,0,0,0,0
668,11:07,#REF!,49,0,49,4.624576839,0,0,0,0,1,2,2,1,9,0,0,0,5,0,3,0,0,2,15,0,3,2,1,2,0,0,1,0,0,0,0,0,0
669,11:08,#REF!,49,0,49,4.624576839,0,0,0,0,1,2,2,1,9,0,0,0,5,0,3,0,0,2,15,0,3,2,1,2,0,0,1,0,0,0,0,0,0
670,11:09,#REF!,49,0,49,4.624576839,0,0,0,0,1,2,2,1,9,0,0,0,5,0,3,0,0,2,15,0,3,2,1,2,0,0,1,0,0,0,0,0,0
671,11:10,#REF!,49,0,49,4.624576839,0,0,0,0,1,2,2,1,9,0,0,0,5,0,3,0,0,2,15,0,3,2,1,2,0,0,1,0,0,0,0,0,0
672,11:11,#REF!,49,0,49,4.624576839,0,0,0,0,1,2,2,1,9,0,0,0,5,0,3,0,0,2,15,0,3,2,1,2,0,0,1,0,0,0,0,0,0
673,11:12,#REF!,49,0,49,4.624576839,0,0,0,0,1,2,2,1,9,0,0,0,5,0,3,0,0,2,15,0,3,2,1,2,0,0,1,0,0,0,0,0,0
674,11:13,#REF!,49,0,49,4.624576839,0,0,0,0,1,2,2,1,9,0,0,0,5,0,3,0,0,2,15,0,3,2,1,2,0,0,1,0,0,0,0,0,0
675,11:14,#REF!,49,0,49,4.624576839,0,0,0,0,1,2,2,1,9,0,0,0,5,0,3,0,0,2,15,0,3,2,1,2,0,0,1,0,0,0,0,0,0
676,11:15,#REF!,49,0,49,4.624576839,0,0,0,0,1,2,2,1,9,0,0,0,5,0,3,0,0,2,15,0,3,2,1,2,0,0,1,0,0,0,0,0,0
677,11:16,#REF!,49,0,49,4.624576839,0,0,0,0,1,2,2,1,9,0,0,0,5,0,3,0,0,2,15,0,3,2,1,2,0,0,1,0,0,0,0,0,0
678,11:17,#REF!,49,0,49,4.624576839,0,0,0,0,1,2,2,1,9,0,0,0,5,0,3,0,0,2,15,0,3,2,1,2,0,0,1,0,0,0,0,0,0
679,11:18,#REF!,49,0,49,4.624576839,0,0,0,0,1,2,2,1,9,0,0,0,5,0,3,0,0,2,15,0,3,2,1,2,0,0,1,0,0,0,0,0,0
680,11:19,#REF!,49,0,49,4.624576839,0,0,0,0,1,2,2,1,9,0,0,0,5,0,3,0,0,2,15,0,3,2,1,2,0,0,1,0,0,0,0,0,0
681,11:20,#REF!,49,0,49,4.624576839,0,0,0,0,1,2,2,1,9,0,0,0,5,0,3,0,0,2,15,0,3,2,1,2,0,0,1,0,0,0,0,0,0
682,11:21,#REF!,49,0,49,4.624576839,0,0,0,0,1,2,2,1,9,0,0,0,5,0,3,0,0,2,15,0,3,2,1,2,0,0,1,0,0,0,0,0,0
683,11:22,#REF!,49,0,49,4.624576839,0,0,0,0,1,2,2,1,9,0,0,0,5,0,3,0,0,2,15,0,3,2,1,2,0,0,1,0,0,0,0,0,0
684,11:23,#REF!,49,0,49,4.624576839,0,0,0,0,1,2,2,1,9,0,0,0,5,0,3,0,0,2,15,0,3,2,1,2,0,0,1,0,0,0,0,0,0
685,11:24,#REF!,49,0,49,4.624576839,0,0,0,0,1,2,2,1,9,0,0,0,5,0,3,0,0,2,15,0,3,2,1,2,0,0,1,0,0,0,0,0,0
686,11:25,#REF!,49,0,49,4.624576839,0,0,0,0,1,2,2,1,9,0,0,0,5,0,3,0,0,2,15,0,3,2,1,2,0,0,1,0,0,0,0,0,0
687,11:26,#REF!,49,0,49,4.624576839,0,0,0,0,1,2,2,1,9,0,0,0,5,0,3,0,0,2,15,0,3,2,1,2,0,0,1,0,0,0,0,0,0
688,11:27,#REF!,49,0,49,4.624576839,0,0,0,0,1,2,2,1,9,0,0,0,5,0,3,0,0,2,15,0,3,2,1,2,0,0,1,0,0,0,0,0,0
689,11:28,#REF!,49,0,49,4.624576839,0,0,0,0,1,2,2,1,9,0,0,0,5,0,3,0,0,2,15,0,3,2,1,2,0,0,1,0,0,0,0,0,0
690,11:29,#REF!,49,0,49,4.624576839,0,0,0,0,1,2,2,1,9,0,0,0,5,0,3,0,0,2,15,0,3,2,1,2,0,0,1,0,0,0,0,0,0
691,11:30,#REF!,49,0,49,4.624576839,0,0,0,0,1,2,2,1,9,0,0,0,5,0,3,0,0,2,15,0,3,2,1,2,0,0,1,0,0,0,0,0,0
692,11:31,#REF!,49,0,49,4.624576839,0,0,0,0,1,2,2,1,9,0,0,0,5,0,3,0,0,2,15,0,3,2,1,2,0,0,1,0,0,0,0,0,0
693,11:32,#REF!,49,0,49,4.624576839,0,0,0,0,1,2,2,1,9,0,0,0,5,0,3,0,0,2,15,0,3,2,1,2,0,0,1,0,0,0,0,0,0
694,11:33,#REF!,49,0,49,4.624576839,0,0,0,0,1,2,2,1,9,0,0,0,5,0,3,0,0,2,15,0,3,2,1,2,0,0,1,0,0,0,0,0,0
695,11:34,#REF!,49,0,49,4.624576839,0,0,0,0,1,2,2,1,9,0,0,0,5,0,3,0,0,2,15,0,3,2,1,2,0,0,1,0,0,0,0,0,0
696,11:35,#REF!,49,0,49,4.624576839,0,0,0,0,1,2,2,1,9,0,0,0,5,0,3,0,0,2,15,0,3,2,1,2,0,0,1,0,0,0,0,0,0
697,11:36,#REF!,49,0,49,4.624576839,0,0,0,0,1,2,2,1,9,0,0,0,5,0,3,0,0,2,15,0,3,2,1,2,0,0,1,0,0,0,0,0,0
698,11:37,#REF!,49,0,49,4.624576839,0,0,0,0,1,2,2,1,9,0,0,0,5,0,3,0,0,2,15,0,3,2,1,2,0,0,1,0,0,0,0,0,0
699,11:38,#REF!,49,0,49,4.624576839,0,0,0,0,1,2,2,1,9,0,0,0,5,0,3,0,0,2,15,0,3,2,1,2,0,0,1,0,0,0,0,0,0
700,11:39,#REF!,49,0,49,4.624576839,0,0,0,0,1,2,2,1,9,0,0,0,5,0,3,0,0,2,15,0,3,2,1,2,0,0,1,0,0,0,0,0,0
701,11:40,#REF!,49,0,49,4.624576839,0,0,0,0,1,2,2,1,9,0,0,0,5,0,3,0,0,2,15,0,3,2,1,2,0,0,1,0,0,0,0,0,0
702,11:41,#REF!,49,0,49,4.624576839,0,0,0,0,1,2,2,1,9,0,0,0,5,0,3,0,0,2,15,0,3,2,1,2,0,0,1,0,0,0,0,0,0
703,11:42,#REF!,49,0,49,4.624576839,0,0,0,0,1,2,2,1,9,0,0,0,5,0,3,0,0,2,15,0,3,2,1,2,0,0,1,0,0,0,0,0,0
704,11:43,#REF!,49,0,49,4.624576839,0,0,0,0,1,2,2,1,9,0,0,0,5,0,3,0,0,2,15,0,3,2,1,2,0,0,1,0,0,0,0,0,0
705,11:44,#REF!,49,0,49,4.624576839,0,0,0,0,1,2,2,1,9,0,0,0,5,0,3,0,0,2,15,0,3,2,1,2,0,0,1,0,0,0,0,0,0
706,11:45,#REF!,49,0,49,4.624576839,0,0,0,0,1,2,2,1,9,0,0,0,5,0,3,0,0,2,15,0,3,2,1,2,0,0,1,0,0,0,0,0,0
707,11:46,#REF!,49,0,49,4.624576839,0,0,0,0,1,2,2,1,9,0,0,0,5,0,3,0,0,2,15,0,3,2,1,2,0,0,1,0,0,0,0,0,0
708,11:47,#REF!,49,0,49,4.624576839,0,0,0,0,1,2,2,1,9,0,0,0,5,0,3,0,0,2,15,0,3,2,1,2,0,0,1,0,0,0,0,0,0
709,11:48,#REF!,49,0,49,4.624576839,0,0,0,0,1,2,2,1,9,0,0,0,5,0,3,0,0,2,15,0,3,2,1,2,0,0,1,0,0,0,0,0,0
710,11:49,#REF!,49,0,49,4.624576839,0,0,0,0,1,2,2,1,9,0,0,0,5,0,3,0,0,2,15,0,3,2,1,2,0,0,1,0,0,0,0,0,0
711,11:50,#REF!,49,0,49,4.624576839,0,0,0,0,1,2,2,1,9,0,0,0,5,0,3,0,0,2,15,0,3,2,1,2,0,0,1,0,0,0,0,0,0
712,11:51,#REF!,49,0,49,4.624576839,0,0,0,0,1,2,2,1,9,0,0,0,5,0,3,0,0,2,15,0,3,2,1,2,0,0,1,0,0,0,0,0,0
713,11:52,#REF!,49,0,49,4.624576839,0,0,0,0,1,2,2,1,9,0,0,0,5,0,3,0,0,2,15,0,3,2,1,2,0,0,1,0,0,0,0,0,0
714,11:53,#REF!,49,0,49,4.624576839,0,0,0,0,1,2,2,1,9,0,0,0,5,0,3,0,0,2,15,0,3,2,1,2,0,0,1,0,0,0,0,0,0
715,11:54,#REF!,49,0,49,4.624576839,0,0,0,0,1,2,2,1,9,0,0,0,5,0,3,0,0,2,15,0,3,2,1,2,0,0,1,0,0,0,0,0,0
716,11:55,#REF!,49,0,49,4.624576839,0,0,0,0,1,2,2,1,9,0,0,0,5,0,3,0,0,2,15,0,3,2,1,2,0,0,1,0,0,0,0,0,0
717,11:56,#REF!,49,0,49,4.624576839,0,0,0,0,1,2,2,1,9,0,0,0,5,0,3,0,0,2,15,0,3,2,1,2,0,0,1,0,0,0,0,0,0
718,11:57,#REF!,49,0,49,4.624576839,0,0,0,0,1,2,2,1,9,0,0,0,5,0,3,0,0,2,15,0,3,2,1,2,0,0,1,0,0,0,0,0,0
719,11:58,#REF!,49,0,49,4.624576839,0,0,0,0,1,2,2,1,9,0,0,0,5,0,3,0,0,2,15,0,3,2,1,2,0,0,1,0,0,0,0,0,0
720,11:59,#REF!,49,0,49,4.624576839,0,0,0,0,1,2,2,1,9,0,0,0,5,0,3,0,0,2,15,0,3,2,1,2,0,0,1,0,0,0,0,0,0
721,12:00,#REF!,49,0,49,4.624576839,0,0,0,0,1,2,2,1,9,0,0,0,5,0,3,0,0,2,15,0,3,2,1,2,0,0,1,0,0,0,0,0,0
722,12:01,#REF!,49,0,49,4.624576839,0,0,0,0,1,2,2,1,9,0,0,0,5,0,3,0,0,2,15,0,3,2,1,2,0,0,1,0,0,0,0,0,0
723,12:02,#REF!,49,0,49,4.624576839,0,0,0,0,1,2,2,1,9,0,0,0,5,0,3,0,0,2,15,0,3,2,1,2,0,0,1,0,0,0,0,0,0
724,12:03,#REF!,49,0,49,4.624576839,0,0,0,0,1,2,2,1,9,0,0,0,5,0,3,0,0,2,15,0,3,2,1,2,0,0,1,0,0,0,0,0,0
725,12:04,#REF!,49,0,49,4.624576839,0,0,0,0,1,2,2,1,9,0,0,0,5,0,3,0,0,2,15,0,3,2,1,2,0,0,1,0,0,0,0,0,0
726,12:05,#REF!,49,0,49,4.624576839,0,0,0,0,1,2,2,1,9,0,0,0,5,0,3,0,0,2,15,0,3,2,1,2,0,0,1,0,0,0,0,0,0
727,12:06,#REF!,49,0,49,4.624576839,0,0,0,0,1,2,2,1,9,0,0,0,5,0,3,0,0,2,15,0,3,2,1,2,0,0,1,0,0,0,0,0,0
728,12:07,#REF!,49,0,49,4.624576839,0,0,0,0,1,2,2,1,9,0,0,0,5,0,3,0,0,2,15,0,3,2,1,2,0,0,1,0,0,0,0,0,0
729,12:08,#REF!,49,0,49,4.624576839,0,0,0,0,1,2,2,1,9,0,0,0,5,0,3,0,0,2,15,0,3,2,1,2,0,0,1,0,0,0,0,0,0
730,12:09,#REF!,49,0,49,4.624576839,0,0,0,0,1,2,2,1,9,0,0,0,5,0,3,0,0,2,15,0,3,2,1,2,0,0,1,0,0,0,0,0,0
731,12:10,#REF!,49,0,49,4.624576839,0,0,0,0,1,2,2,1,9,0,0,0,5,0,3,0,0,2,15,0,3,2,1,2,0,0,1,0,0,0,0,0,0
732,12:11,#REF!,49,0,49,4.624576839,0,0,0,0,1,2,2,1,9,0,0,0,5,0,3,0,0,2,15,0,3,2,1,2,0,0,1,0,0,0,0,0,0
733,12:12,#REF!,49,0,49,4.624576839,0,0,0,0,1,2,2,1,9,0,0,0,5,0,3,0,0,2,15,0,3,2,1,2,0,0,1,0,0,0,0,0,0
734,12:13,#REF!,49,0,49,4.624576839,0,0,0,0,1,2,2,1,9,0,0,0,5,0,3,0,0,2,15,0,3,2,1,2,0,0,1,0,0,0,0,0,0
735,12:14,#REF!,49,0,49,4.624576839,0,0,0,0,1,2,2,1,9,0,0,0,5,0,3,0,0,2,15,0,3,2,1,2,0,0,1,0,0,0,0,0,0
736,12:15,#REF!,49,0,49,4.624576839,0,0,0,0,1,2,2,1,9,0,0,0,5,0,3,0,0,2,15,0,3,2,1,2,0,0,1,0,0,0,0,0,0
737,12:16,#REF!,49,0,49,4.624576839,0,0,0,0,1,2,2,1,9,0,0,0,5,0,3,0,0,2,15,0,3,2,1,2,0,0,1,0,0,0,0,0,0
738,12:17,#REF!,49,0,49,4.624576839,0,0,0,0,1,2,2,1,9,0,0,0,5,0,3,0,0,2,15,0,3,2,1,2,0,0,1,0,0,0,0,0,0
739,12:18,#REF!,49,0,49,4.624576839,0,0,0,0,1,2,2,1,9,0,0,0,5,0,3,0,0,2,15,0,3,2,1,2,0,0,1,0,0,0,0,0,0
740,12:19,#REF!,49,0,49,4.624576839,0,0,0,0,1,2,2,1,9,0,0,0,5,0,3,0,0,2,15,0,3,2,1,2,0,0,1,0,0,0,0,0,0
741,12:20,#REF!,49,0,49,4.624576839,0,0,0,0,1,2,2,1,9,0,0,0,5,0,3,0,0,2,15,0,3,2,1,2,0,0,1,0,0,0,0,0,0
742,12:21,#REF!,49,0,49,4.624576839,0,0,0,0,1,2,2,1,9,0,0,0,5,0,3,0,0,2,15,0,3,2,1,2,0,0,1,0,0,0,0,0,0
743,12:22,#REF!,49,0,49,4.624576839,0,0,0,0,1,2,2,1,9,0,0,0,5,0,3,0,0,2,15,0,3,2,1,2,0,0,1,0,0,0,0,0,0
744,12:23,#REF!,49,0,49,4.624576839,0,0,0,0,1,2,2,1,9,0,0,0,5,0,3,0,0,2,15,0,3,2,1,2,0,0,1,0,0,0,0,0,0
745,12:24,#REF!,49,0,49,4.624576839,0,0,0,0,1,2,2,1,9,0,0,0,5,0,3,0,0,2,15,0,3,2,1,2,0,0,1,0,0,0,0,0,0
746,12:25,#REF!,49,0,49,4.624576839,0,0,0,0,1,2,2,1,9,0,0,0,5,0,3,0,0,2,15,0,3,2,1,2,0,0,1,0,0,0,0,0,0
747,12:26,#REF!,49,0,49,4.624576839,0,0,0,0,1,2,2,1,9,0,0,0,5,0,3,0,0,2,15,0,3,2,1,2,0,0,1,0,0,0,0,0,0
748,12:27,#REF!,49,0,49,4.624576839,0,0,0,0,1,2,2,1,9,0,0,0,5,0,3,0,0,2,15,0,3,2,1,2,0,0,1,0,0,0,0,0,0
749,12:28,#REF!,49,0,49,4.624576839,0,0,0,0,1,2,2,1,9,0,0,0,5,0,3,0,0,2,15,0,3,2,1,2,0,0,1,0,0,0,0,0,0
750,12:29,#REF!,49,0,49,4.624576839,0,0,0,0,1,2,2,1,9,0,0,0,5,0,3,0,0,2,15,0,3,2,1,2,0,0,1,0,0,0,0,0,0
751,12:30,#REF!,49,0,49,4.624576839,0,0,0,0,1,2,2,1,9,0,0,0,5,0,3,0,0,2,15,0,3,2,1,2,0,0,1,0,0,0,0,0,0
752,12:31,#REF!,49,0,49,4.624576839,0,0,0,0,1,2,2,1,9,0,0,0,5,0,3,0,0,2,15,0,3,2,1,2,0,0,1,0,0,0,0,0,0
753,12:32,#REF!,49,0,49,4.624576839,0,0,0,0,1,2,2,1,9,0,0,0,5,0,3,0,0,2,15,0,3,2,1,2,0,0,1,0,0,0,0,0,0
754,12:33,#REF!,49,0,49,4.624576839,0,0,0,0,1,2,2,1,9,0,0,0,5,0,3,0,0,2,15,0,3,2,1,2,0,0,1,0,0,0,0,0,0
755,12:34,#REF!,49,0,49,4.624576839,0,0,0,0,1,2,2,1,9,0,0,0,5,0,3,0,0,2,15,0,3,2,1,2,0,0,1,0,0,0,0,0,0
756,12:35,#REF!,49,0,49,4.624576839,0,0,0,0,1,2,2,1,9,0,0,0,5,0,3,0,0,2,15,0,3,2,1,2,0,0,1,0,0,0,0,0,0
757,12:36,#REF!,49,0,49,4.624576839,0,0,0,0,1,2,2,1,9,0,0,0,5,0,3,0,0,2,15,0,3,2,1,2,0,0,1,0,0,0,0,0,0
758,12:37,#REF!,49,0,49,4.624576839,0,0,0,0,1,2,2,1,9,0,0,0,5,0,3,0,0,2,15,0,3,2,1,2,0,0,1,0,0,0,0,0,0
759,12:38,#REF!,49,0,49,4.624576839,0,0,0,0,1,2,2,1,9,0,0,0,5,0,3,0,0,2,15,0,3,2,1,2,0,0,1,0,0,0,0,0,0
760,12:39,#REF!,49,0,49,4.624576839,0,0,0,0,1,2,2,1,9,0,0,0,5,0,3,0,0,2,15,0,3,2,1,2,0,0,1,0,0,0,0,0,0
761,12:40,#REF!,49,0,49,4.624576839,0,0,0,0,1,2,2,1,9,0,0,0,5,0,3,0,0,2,15,0,3,2,1,2,0,0,1,0,0,0,0,0,0
762,12:41,#REF!,49,0,49,4.624576839,0,0,0,0,1,2,2,1,9,0,0,0,5,0,3,0,0,2,15,0,3,2,1,2,0,0,1,0,0,0,0,0,0
763,12:42,#REF!,49,0,49,4.624576839,0,0,0,0,1,2,2,1,9,0,0,0,5,0,3,0,0,2,15,0,3,2,1,2,0,0,1,0,0,0,0,0,0
764,12:43,#REF!,49,0,49,4.624576839,0,0,0,0,1,2,2,1,9,0,0,0,5,0,3,0,0,2,15,0,3,2,1,2,0,0,1,0,0,0,0,0,0
765,12:44,#REF!,49,0,49,4.624576839,0,0,0,0,1,2,2,1,9,0,0,0,5,0,3,0,0,2,15,0,3,2,1,2,0,0,1,0,0,0,0,0,0
766,12:45,#REF!,49,0,49,4.624576839,0,0,0,0,1,2,2,1,9,0,0,0,5,0,3,0,0,2,15,0,3,2,1,2,0,0,1,0,0,0,0,0,0
767,12:46,#REF!,49,0,49,4.624576839,0,0,0,0,1,2,2,1,9,0,0,0,5,0,3,0,0,2,15,0,3,2,1,2,0,0,1,0,0,0,0,0,0
768,12:47,#REF!,49,0,49,4.624576839,0,0,0,0,1,2,2,1,9,0,0,0,5,0,3,0,0,2,15,0,3,2,1,2,0,0,1,0,0,0,0,0,0
769,12:48,#REF!,49,0,49,4.624576839,0,0,0,0,1,2,2,1,9,0,0,0,5,0,3,0,0,2,15,0,3,2,1,2,0,0,1,0,0,0,0,0,0
770,12:49,#REF!,49,0,49,4.624576839,0,0,0,0,1,2,2,1,9,0,0,0,5,0,3,0,0,2,15,0,3,2,1,2,0,0,1,0,0,0,0,0,0
771,12:50,#REF!,49,0,49,4.624576839,0,0,0,0,1,2,2,1,9,0,0,0,5,0,3,0,0,2,15,0,3,2,1,2,0,0,1,0,0,0,0,0,0
772,12:51,#REF!,49,0,49,4.624576839,0,0,0,0,1,2,2,1,9,0,0,0,5,0,3,0,0,2,15,0,3,2,1,2,0,0,1,0,0,0,0,0,0
773,12:52,#REF!,49,0,49,4.624576839,0,0,0,0,1,2,2,1,9,0,0,0,5,0,3,0,0,2,15,0,3,2,1,2,0,0,1,0,0,0,0,0,0
774,12:53,#REF!,49,0,49,4.624576839,0,0,0,0,1,2,2,1,9,0,0,0,5,0,3,0,0,2,15,0,3,2,1,2,0,0,1,0,0,0,0,0,0
775,12:54,#REF!,49,0,49,4.624576839,0,0,0,0,1,2,2,1,9,0,0,0,5,0,3,0,0,2,15,0,3,2,1,2,0,0,1,0,0,0,0,0,0
776,12:55,#REF!,49,0,49,4.624576839,0,0,0,0,1,2,2,1,9,0,0,0,5,0,3,0,0,2,15,0,3,2,1,2,0,0,1,0,0,0,0,0,0
777,12:56,#REF!,49,0,49,4.624576839,0,0,0,0,1,2,2,1,9,0,0,0,5,0,3,0,0,2,15,0,3,2,1,2,0,0,1,0,0,0,0,0,0
778,12:57,#REF!,49,0,49,4.624576839,0,0,0,0,1,2,2,1,9,0,0,0,5,0,3,0,0,2,15,0,3,2,1,2,0,0,1,0,0,0,0,0,0
779,12:58,#REF!,49,0,49,4.624576839,0,0,0,0,1,2,2,1,9,0,0,0,5,0,3,0,0,2,15,0,3,2,1,2,0,0,1,0,0,0,0,0,0
780,12:59,#REF!,49,0,49,4.624576839,0,0,0,0,1,2,2,1,9,0,0,0,5,0,3,0,0,2,15,0,3,2,1,2,0,0,1,0,0,0,0,0,0
781,13:00,#REF!,2181,0,2181,56.44704206,0,0,0,0,1,15,2,1,9,0,0,0,5,0,110,0,0,2,15,0,3,2,1,2,0,0,1,0,0,0,0,0,2012
782,13:01,#REF!,2181,0,2181,56.44704206,0,0,0,0,1,15,2,1,9,0,0,0,5,0,110,0,0,2,15,0,3,2,1,2,0,0,1,0,0,0,0,0,2012
783,13:02,#REF!,2181,0,2181,56.44704206,0,0,0,0,1,15,2,1,9,0,0,0,5,0,110,0,0,2,15,0,3,2,1,2,0,0,1,0,0,0,0,0,2012
784,13:03,#REF!,2181,0,2181,56.44704206,0,0,0,0,1,15,2,1,9,0,0,0,5,0,110,0,0,2,15,0,3,2,1,2,0,0,1,0,0,0,0,0,2012
785,13:04,#REF!,2181,0,2181,56.44704206,0,0,0,0,1,15,2,1,9,0,0,0,5,0,110,0,0,2,15,0,3,2,1,2,0,0,1,0,0,0,0,0,2012
786,13:05,#REF!,2181,0,2181,56.44704206,0,0,0,0,1,15,2,1,9,0,0,0,5,0,110,0,0,2,15,0,3,2,1,2,0,0,1,0,0,0,0,0,2012
787,13:06,#REF!,2181,0,2181,56.44704206,0,0,0,0,1,15,2,1,9,0,0,0,5,0,110,0,0,2,15,0,3,2,1,2,0,0,1,0,0,0,0,0,2012
788,13:07,#REF!,2181,0,2181,56.44704206,0,0,0,0,1,15,2,1,9,0,0,0,5,0,110,0,0,2,15,0,3,2,1,2,0,0,1,0,0,0,0,0,2012
789,13:08,#REF!,2181,0,2181,56.44704206,0,0,0,0,1,15,2,1,9,0,0,0,5,0,110,0,0,2,15,0,3,2,1,2,0,0,1,0,0,0,0,0,2012
790,13:09,#REF!,2181,0,2181,56.44704206,0,0,0,0,1,15,2,1,9,0,0,0,5,0,110,0,0,2,15,0,3,2,1,2,0,0,1,0,0,0,0,0,2012
791,13:10,#REF!,2181,0,2181,56.44704206,0,0,0,0,1,15,2,1,9,0,0,0,5,0,110,0,0,2,15,0,3,2,1,2,0,0,1,0,0,0,0,0,2012
792,13:11,#REF!,2181,0,2181,56.44704206,0,0,0,0,1,15,2,1,9,0,0,0,5,0,110,0,0,2,15,0,3,2,1,2,0,0,1,0,0,0,0,0,2012
793,13:12,#REF!,2181,0,2181,56.44704206,0,0,0,0,1,15,2,1,9,0,0,0,5,0,110,0,0,2,15,0,3,2,1,2,0,0,1,0,0,0,0,0,2012
794,13:13,#REF!,2181,0,2181,56.44704206,0,0,0,0,1,15,2,1,9,0,0,0,5,0,110,0,0,2,15,0,3,2,1,2,0,0,1,0,0,0,0,0,2012
795,13:14,#REF!,2181,0,2181,56.44704206,0,0,0,0,1,15,2,1,9,0,0,0,5,0,110,0,0,2,15,0,3,2,1,2,0,0,1,0,0,0,0,0,2012
796,13:15,#REF!,2181,0,2181,56.44704206,0,0,0,0,1,15,2,1,9,0,0,0,5,0,110,0,0,2,15,0,3,2,1,2,0,0,1,0,0,0,0,0,2012
797,13:16,#REF!,2168,0,2168,56.44704206,0,0,0,0,1,2,2,1,9,0,0,0,5,0,110,0,0,2,15,0,3,2,1,2,0,0,1,0,0,0,0,0,2012
798,13:17,#REF!,2268,100,2168,56.44704206,0,0,0,0,1,2,2,1,9,0,0,0,5,0,110,0,0,2,15,0,3,2,1,2,0,0,1,0,0,0,0,0,2012
799,13:18,#REF!,2268,100,2168,56.44704206,0,0,0,0,1,2,2,1,9,0,0,0,5,0,110,0,0,2,15,0,3,2,1,2,0,0,1,0,0,0,0,0,2012
800,13:19,#REF!,2168,0,2168,56.44704206,0,0,0,0,1,2,2,1,9,0,0,0,5,0,110,0,0,2,15,0,3,2,1,2,0,0,1,0,0,0,0,0,2012
801,13:20,#REF!,2168,0,2168,56.44704206,0,0,0,0,1,2,2,1,9,0,0,0,5,0,110,0,0,2,15,0,3,2,1,2,0,0,1,0,0,0,0,0,2012
802,13:21,#REF!,2168,0,2168,56.44704206,0,0,0,0,1,2,2,1,9,0,0,0,5,0,110,0,0,2,15,0,3,2,1,2,0,0,1,0,0,0,0,0,2012
803,13:22,#REF!,2168,0,2168,56.44704206,0,0,0,0,1,2,2,1,9,0,0,0,5,0,110,0,0,2,15,0,3,2,1,2,0,0,1,0,0,0,0,0,2012
804,13:23,#REF!,2168,0,2168,56.44704206,0,0,0,0,1,2,2,1,9,0,0,0,5,0,110,0,0,2,15,0,3,2,1,2,0,0,1,0,0,0,0,0,2012
805,13:24,#REF!,2168,0,2168,56.44704206,0,0,0,0,1,2,2,1,9,0,0,0,5,0,110,0,0,2,15,0,3,2,1,2,0,0,1,0,0,0,0,0,2012
806,13:25,#REF!,2168,0,2168,56.44704206,0,0,0,0,1,2,2,1,9,0,0,0,5,0,110,0,0,2,15,0,3,2,1,2,0,0,1,0,0,0,0,0,2012
807,13:26,#REF!,2168,0,2168,56.44704206,0,0,0,0,1,2,2,1,9,0,0,0,5,0,110,0,0,2,15,0,3,2,1,2,0,0,1,0,0,0,0,0,2012
808,13:27,#REF!,2168,0,2168,56.44704206,0,0,0,0,1,2,2,1,9,0,0,0,5,0,110,0,0,2,15,0,3,2,1,2,0,0,1,0,0,0,0,0,2012
809,13:28,#REF!,2168,0,2168,56.44704206,0,0,0,0,1,2,2,1,9,0,0,0,5,0,110,0,0,2,15,0,3,2,1,2,0,0,1,0,0,0,0,0,2012
810,13:29,#REF!,2168,0,2168,56.44704206,0,0,0,0,1,2,2,1,9,0,0,0,5,0,110,0,0,2,15,0,3,2,1,2,0,0,1,0,0,0,0,0,2012
811,13:30,#REF!,2168,0,2168,56.44704206,0,0,0,0,1,2,2,1,9,0,0,0,5,0,110,0,0,2,15,0,3,2,1,2,0,0,1,0,0,0,0,0,2012
812,13:31,#REF!,2168,0,2168,56.44704206,0,0,0,0,1,2,2,1,9,0,0,0,5,0,110,0,0,2,15,0,3,2,1,2,0,0,1,0,0,0,0,0,2012
813,13:32,#REF!,2168,0,2168,56.44704206,0,0,0,0,1,2,2,1,9,0,0,0,5,0,110,0,0,2,15,0,3,2,1,2,0,0,1,0,0,0,0,0,2012
814,13:33,#REF!,2168,0,2168,56.44704206,0,0,0,0,1,2,2,1,9,0,0,0,5,0,110,0,0,2,15,0,3,2,1,2,0,0,1,0,0,0,0,0,2012
815,13:34,#REF!,2061,0,2061,4.624576839,0,0,0,0,1,2,2,1,9,0,0,0,5,0,3,0,0,2,15,0,3,2,1,2,0,0,1,0,0,0,0,0,2012
816,13:35,#REF!,2061,0,2061,4.624576839,0,0,0,0,1,2,2,1,9,0,0,0,5,0,3,0,0,2,15,0,3,2,1,2,0,0,1,0,0,0,0,0,2012
817,13:36,#REF!,2061,0,2061,4.624576839,0,0,0,0,1,2,2,1,9,0,0,0,5,0,3,0,0,2,15,0,3,2,1,2,0,0,1,0,0,0,0,0,2012
818,13:37,#REF!,2061,0,2061,4.624576839,0,0,0,0,1,2,2,1,9,0,0,0,5,0,3,0,0,2,15,0,3,2,1,2,0,0,1,0,0,0,0,0,2012
819,13:38,#REF!,2061,0,2061,4.624576839,0,0,0,0,1,2,2,1,9,0,0,0,5,0,3,0,0,2,15,0,3,2,1,2,0,0,1,0,0,0,0,0,2012
820,13:39,#REF!,2061,0,2061,4.624576839,0,0,0,0,1,2,2,1,9,0,0,0,5,0,3,0,0,2,15,0,3,2,1,2,0,0,1,0,0,0,0,0,2012
821,13:40,#REF!,2061,0,2061,4.624576839,0,0,0,0,1,2,2,1,9,0,0,0,5,0,3,0,0,2,15,0,3,2,1,2,0,0,1,0,0,0,0,0,2012
822,13:41,#REF!,2061,0,2061,4.624576839,0,0,0,0,1,2,2,1,9,0,0,0,5,0,3,0,0,2,15,0,3,2,1,2,0,0,1,0,0,0,0,0,2012
823,13:42,#REF!,2061,0,2061,4.624576839,0,0,0,0,1,2,2,1,9,0,0,0,5,0,3,0,0,2,15,0,3,2,1,2,0,0,1,0,0,0,0,0,2012
824,13:43,#REF!,2069,0,2069,4.624576839,0,0,0,0,1,2,2,1,9,0,0,0,5,0,3,0,0,2,23,0,3,2,1,2,0,0,1,0,0,0,0,0,2012
825,13:44,#REF!,2069,0,2069,4.624576839,0,0,0,0,1,2,2,1,9,0,0,0,5,0,3,0,0,2,23,0,3,2,1,2,0,0,1,0,0,0,0,0,2012
826,13:45,#REF!,2069,0,2069,4.624576839,0,0,0,0,1,2,2,1,9,0,0,0,5,0,3,0,0,2,23,0,3,2,1,2,0,0,1,0,0,0,0,0,2012
827,13:46,#REF!,2069,0,2069,4.624576839,0,0,0,0,1,2,2,1,9,0,0,0,5,0,3,0,0,2,23,0,3,2,1,2,0,0,1,0,0,0,0,0,2012
828,13:47,#REF!,2069,0,2069,4.624576839,0,0,0,0,1,2,2,1,9,0,0,0,5,0,3,0,0,2,23,0,3,2,1,2,0,0,1,0,0,0,0,0,2012
829,13:48,#REF!,2069,0,2069,4.624576839,0,0,0,0,1,2,2,1,9,0,0,0,5,0,3,0,0,2,23,0,3,2,1,2,0,0,1,0,0,0,0,0,2012
830,13:49,#REF!,2069,0,2069,4.624576839,0,0,0,0,1,2,2,1,9,0,0,0,5,0,3,0,0,2,23,0,3,2,1,2,0,0,1,0,0,0,0,0,2012
831,13:50,#REF!,2069,0,2069,4.624576839,0,0,0,0,1,2,2,1,9,0,0,0,5,0,3,0,0,2,23,0,3,2,1,2,0,0,1,0,0,0,0,0,2012
832,13:51,#REF!,2069,0,2069,4.624576839,0,0,0,0,1,2,2,1,9,0,0,0,5,0,3,0,0,2,23,0,3,2,1,2,0,0,1,0,0,0,0,0,2012
833,13:52,#REF!,2069,0,2069,4.624576839,0,0,0,0,1,2,2,1,9,0,0,0,5,0,3,0,0,2,23,0,3,2,1,2,0,0,1,0,0,0,0,0,2012
834,13:53,#REF!,2069,0,2069,4.624576839,0,0,0,0,1,2,2,1,9,0,0,0,5,0,3,0,0,2,23,0,3,2,1,2,0,0,1,0,0,0,0,0,2012
835,13:54,#REF!,2069,0,2069,4.624576839,0,0,0,0,1,2,2,1,9,0,0,0,5,0,3,0,0,2,23,0,3,2,1,2,0,0,1,0,0,0,0,0,2012
836,13:55,#REF!,2069,0,2069,4.624576839,0,0,0,0,1,2,2,1,9,0,0,0,5,0,3,0,0,2,23,0,3,2,1,2,0,0,1,0,0,0,0,0,2012
837,13:56,#REF!,2069,0,2069,4.624576839,0,0,0,0,1,2,2,1,9,0,0,0,5,0,3,0,0,2,23,0,3,2,1,2,0,0,1,0,0,0,0,0,2012
838,13:57,#REF!,2082,0,2082,4.624576839,0,0,0,0,1,15,2,1,9,0,0,0,5,0,3,0,0,2,23,0,3,2,1,2,0,0,1,0,0,0,0,0,2012
839,13:58,#REF!,2082,0,2082,4.624576839,0,0,0,0,1,15,2,1,9,0,0,0,5,0,3,0,0,2,23,0,3,2,1,2,0,0,1,0,0,0,0,0,2012
840,13:59,#REF!,2082,0,2082,4.624576839,0,0,0,0,1,15,2,1,9,0,0,0,5,0,3,0,0,2,23,0,3,2,1,2,0,0,1,0,0,0,0,0,2012
841,14:00,#REF!,2082,0,2082,4.624576839,0,0,0,0,1,15,2,1,9,0,0,0,5,0,3,0,0,2,23,0,3,2,1,2,0,0,1,0,0,0,0,0,2012
842,14:01,#REF!,2082,0,2082,4.624576839,0,0,0,0,1,15,2,1,9,0,0,0,5,0,3,0,0,2,23,0,3,2,1,2,0,0,1,0,0,0,0,0,2012
843,14:02,#REF!,2082,0,2082,4.624576839,0,0,0,0,1,15,2,1,9,0,0,0,5,0,3,0,0,2,23,0,3,2,1,2,0,0,1,0,0,0,0,0,2012
844,14:03,#REF!,2082,0,2082,4.624576839,0,0,0,0,1,15,2,1,9,0,0,0,5,0,3,0,0,2,23,0,3,2,1,2,0,0,1,0,0,0,0,0,2012
845,14:04,#REF!,2082,0,2082,4.624576839,0,0,0,0,1,15,2,1,9,0,0,0,5,0,3,0,0,2,23,0,3,2,1,2,0,0,1,0,0,0,0,0,2012
846,14:05,#REF!,2082,0,2082,4.624576839,0,0,0,0,1,15,2,1,9,0,0,0,5,0,3,0,0,2,23,0,3,2,1,2,0,0,1,0,0,0,0,0,2012
847,14:06,#REF!,2082,0,2082,4.624576839,0,0,0,0,1,15,2,1,9,0,0,0,5,0,3,0,0,2,23,0,3,2,1,2,0,0,1,0,0,0,0,0,2012
848,14:07,#REF!,2082,0,2082,4.624576839,0,0,0,0,1,15,2,1,9,0,0,0,5,0,3,0,0,2,23,0,3,2,1,2,0,0,1,0,0,0,0,0,2012
849,14:08,#REF!,2082,0,2082,4.624576839,0,0,0,0,1,15,2,1,9,0,0,0,5,0,3,0,0,2,23,0,3,2,1,2,0,0,1,0,0,0,0,0,2012
850,14:09,#REF!,2082,0,2082,4.624576839,0,0,0,0,1,15,2,1,9,0,0,0,5,0,3,0,0,2,23,0,3,2,1,2,0,0,1,0,0,0,0,0,2012
851,14:10,#REF!,2082,0,2082,4.624576839,0,0,0,0,1,15,2,1,9,0,0,0,5,0,3,0,0,2,23,0,3,2,1,2,0,0,1,0,0,0,0,0,2012
852,14:11,#REF!,2082,0,2082,4.624576839,0,0,0,0,1,15,2,1,9,0,0,0,5,0,3,0,0,2,23,0,3,2,1,2,0,0,1,0,0,0,0,0,2012
853,14:12,#REF!,2082,0,2082,4.624576839,0,0,0,0,1,15,2,1,9,0,0,0,5,0,3,0,0,2,23,0,3,2,1,2,0,0,1,0,0,0,0,0,2012
854,14:13,#REF!,2082,0,2082,4.624576839,0,0,0,0,1,15,2,1,9,0,0,0,5,0,3,0,0,2,23,0,3,2,1,2,0,0,1,0,0,0,0,0,2012
855,14:14,#REF!,2082,0,2082,4.624576839,0,0,0,0,1,15,2,1,9,0,0,0,5,0,3,0,0,2,23,0,3,2,1,2,0,0,1,0,0,0,0,0,2012
856,14:15,#REF!,2082,0,2082,4.624576839,0,0,0,0,1,15,2,1,9,0,0,0,5,0,3,0,0,2,23,0,3,2,1,2,0,0,1,0,0,0,0,0,2012
857,14:16,#REF!,2082,0,2082,4.624576839,0,0,0,0,1,15,2,1,9,0,0,0,5,0,3,0,0,2,23,0,3,2,1,2,0,0,1,0,0,0,0,0,2012
858,14:17,#REF!,2082,0,2082,4.624576839,0,0,0,0,1,15,2,1,9,0,0,0,5,0,3,0,0,2,23,0,3,2,1,2,0,0,1,0,0,0,0,0,2012
859,14:18,#REF!,2082,0,2082,4.624576839,0,0,0,0,1,15,2,1,9,0,0,0,5,0,3,0,0,2,23,0,3,2,1,2,0,0,1,0,0,0,0,0,2012
860,14:19,#REF!,2082,0,2082,4.624576839,0,0,0,0,1,15,2,1,9,0,0,0,5,0,3,0,0,2,23,0,3,2,1,2,0,0,1,0,0,0,0,0,2012
861,14:20,#REF!,2082,0,2082,4.624576839,0,0,0,0,1,15,2,1,9,0,0,0,5,0,3,0,0,2,23,0,3,2,1,2,0,0,1,0,0,0,0,0,2012
862,14:21,#REF!,2082,0,2082,4.624576839,0,0,0,0,1,15,2,1,9,0,0,0,5,0,3,0,0,2,23,0,3,2,1,2,0,0,1,0,0,0,0,0,2012
863,14:22,#REF!,2082,0,2082,4.624576839,0,0,0,0,1,15,2,1,9,0,0,0,5,0,3,0,0,2,23,0,3,2,1,2,0,0,1,0,0,0,0,0,2012
864,14:23,#REF!,2082,0,2082,4.624576839,0,0,0,0,1,15,2,1,9,0,0,0,5,0,3,0,0,2,23,0,3,2,1,2,0,0,1,0,0,0,0,0,2012
865,14:24,#REF!,2082,0,2082,4.624576839,0,0,0,0,1,15,2,1,9,0,0,0,5,0,3,0,0,2,23,0,3,2,1,2,0,0,1,0,0,0,0,0,2012
866,14:25,#REF!,2082,0,2082,4.624576839,0,0,0,0,1,15,2,1,9,0,0,0,5,0,3,0,0,2,23,0,3,2,1,2,0,0,1,0,0,0,0,0,2012
867,14:26,#REF!,2082,0,2082,4.624576839,0,0,0,0,1,15,2,1,9,0,0,0,5,0,3,0,0,2,23,0,3,2,1,2,0,0,1,0,0,0,0,0,2012
868,14:27,#REF!,2082,0,2082,4.624576839,0,0,0,0,1,15,2,1,9,0,0,0,5,0,3,0,0,2,23,0,3,2,1,2,0,0,1,0,0,0,0,0,2012
869,14:28,#REF!,2082,0,2082,4.624576839,0,0,0,0,1,15,2,1,9,0,0,0,5,0,3,0,0,2,23,0,3,2,1,2,0,0,1,0,0,0,0,0,2012
870,14:29,#REF!,2082,0,2082,4.624576839,0,0,0,0,1,15,2,1,9,0,0,0,5,0,3,0,0,2,23,0,3,2,1,2,0,0,1,0,0,0,0,0,2012
871,14:30,#REF!,2082,0,2082,4.624576839,0,0,0,0,1,15,2,1,9,0,0,0,5,0,3,0,0,2,23,0,3,2,1,2,0,0,1,0,0,0,0,0,2012
872,14:31,#REF!,2082,0,2082,4.624576839,0,0,0,0,1,15,2,1,9,0,0,0,5,0,3,0,0,2,23,0,3,2,1,2,0,0,1,0,0,0,0,0,2012
873,14:32,#REF!,2082,0,2082,4.624576839,0,0,0,0,1,15,2,1,9,0,0,0,5,0,3,0,0,2,23,0,3,2,1,2,0,0,1,0,0,0,0,0,2012
874,14:33,#REF!,2082,0,2082,4.624576839,0,0,0,0,1,15,2,1,9,0,0,0,5,0,3,0,0,2,23,0,3,2,1,2,0,0,1,0,0,0,0,0,2012
875,14:34,#REF!,2082,0,2082,4.624576839,0,0,0,0,1,15,2,1,9,0,0,0,5,0,3,0,0,2,23,0,3,2,1,2,0,0,1,0,0,0,0,0,2012
876,14:35,#REF!,2082,0,2082,4.624576839,0,0,0,0,1,15,2,1,9,0,0,0,5,0,3,0,0,2,23,0,3,2,1,2,0,0,1,0,0,0,0,0,2012
877,14:36,#REF!,2082,0,2082,4.624576839,0,0,0,0,1,15,2,1,9,0,0,0,5,0,3,0,0,2,23,0,3,2,1,2,0,0,1,0,0,0,0,0,2012
878,14:37,#REF!,2082,0,2082,4.624576839,0,0,0,0,1,15,2,1,9,0,0,0,5,0,3,0,0,2,23,0,3,2,1,2,0,0,1,0,0,0,0,0,2012
879,14:38,#REF!,2082,0,2082,4.624576839,0,0,0,0,1,15,2,1,9,0,0,0,5,0,3,0,0,2,23,0,3,2,1,2,0,0,1,0,0,0,0,0,2012
880,14:39,#REF!,2082,0,2082,4.624576839,0,0,0,0,1,15,2,1,9,0,0,0,5,0,3,0,0,2,23,0,3,2,1,2,0,0,1,0,0,0,0,0,2012
881,14:40,#REF!,49,0,49,4.624576839,0,0,0,0,1,2,2,1,9,0,0,0,5,0,3,0,0,2,15,0,3,2,1,2,0,0,1,0,0,0,0,0,0
882,14:41,#REF!,49,0,49,4.624576839,0,0,0,0,1,2,2,1,9,0,0,0,5,0,3,0,0,2,15,0,3,2,1,2,0,0,1,0,0,0,0,0,0
883,14:42,#REF!,49,0,49,4.624576839,0,0,0,0,1,2,2,1,9,0,0,0,5,0,3,0,0,2,15,0,3,2,1,2,0,0,1,0,0,0,0,0,0
884,14:43,#REF!,49,0,49,4.624576839,0,0,0,0,1,2,2,1,9,0,0,0,5,0,3,0,0,2,15,0,3,2,1,2,0,0,1,0,0,0,0,0,0
885,14:44,#REF!,49,0,49,4.624576839,0,0,0,0,1,2,2,1,9,0,0,0,5,0,3,0,0,2,15,0,3,2,1,2,0,0,1,0,0,0,0,0,0
886,14:45,#REF!,49,0,49,4.624576839,0,0,0,0,1,2,2,1,9,0,0,0,5,0,3,0,0,2,15,0,3,2,1,2,0,0,1,0,0,0,0,0,0
887,14:46,#REF!,49,0,49,4.624576839,0,0,0,0,1,2,2,1,9,0,0,0,5,0,3,0,0,2,15,0,3,2,1,2,0,0,1,0,0,0,0,0,0
888,14:47,#REF!,49,0,49,4.624576839,0,0,0,0,1,2,2,1,9,0,0,0,5,0,3,0,0,2,15,0,3,2,1,2,0,0,1,0,0,0,0,0,0
889,14:48,#REF!,49,0,49,4.624576839,0,0,0,0,1,2,2,1,9,0,0,0,5,0,3,0,0,2,15,0,3,2,1,2,0,0,1,0,0,0,0,0,0
890,14:49,#REF!,49,0,49,4.624576839,0,0,0,0,1,2,2,1,9,0,0,0,5,0,3,0,0,2,15,0,3,2,1,2,0,0,1,0,0,0,0,0,0
891,14:50,#REF!,49,0,49,4.624576839,0,0,0,0,1,2,2,1,9,0,0,0,5,0,3,0,0,2,15,0,3,2,1,2,0,0,1,0,0,0,0,0,0
892,14:51,#REF!,49,0,49,4.624576839,0,0,0,0,1,2,2,1,9,0,0,0,5,0,3,0,0,2,15,0,3,2,1,2,0,0,1,0,0,0,0,0,0
893,14:52,#REF!,49,0,49,4.624576839,0,0,0,0,1,2,2,1,9,0,0,0,5,0,3,0,0,2,15,0,3,2,1,2,0,0,1,0,0,0,0,0,0
894,14:53,#REF!,49,0,49,4.624576839,0,0,0,0,1,2,2,1,9,0,0,0,5,0,3,0,0,2,15,0,3,2,1,2,0,0,1,0,0,0,0,0,0
895,14:54,#REF!,49,0,49,4.624576839,0,0,0,0,1,2,2,1,9,0,0,0,5,0,3,0,0,2,15,0,3,2,1,2,0,0,1,0,0,0,0,0,0
896,14:55,#REF!,49,0,49,4.624576839,0,0,0,0,1,2,2,1,9,0,0,0,5,0,3,0,0,2,15,0,3,2,1,2,0,0,1,0,0,0,0,0,0
897,14:56,#REF!,49,0,49,4.624576839,0,0,0,0,1,2,2,1,9,0,0,0,5,0,3,0,0,2,15,0,3,2,1,2,0,0,1,0,0,0,0,0,0
898,14:57,#REF!,49,0,49,4.624576839,0,0,0,0,1,2,2,1,9,0,0,0,5,0,3,0,0,2,15,0,3,2,1,2,0,0,1,0,0,0,0,0,0
899,14:58,#REF!,49,0,49,4.624576839,0,0,0,0,1,2,2,1,9,0,0,0,5,0,3,0,0,2,15,0,3,2,1,2,0,0,1,0,0,0,0,0,0
900,14:59,#REF!,49,0,49,4.624576839,0,0,0,0,1,2,2,1,9,0,0,0,5,0,3,0,0,2,15,0,3,2,1,2,0,0,1,0,0,0,0,0,0
901,15:00,#REF!,49,0,49,4.624576839,0,0,0,0,1,2,2,1,9,0,0,0,5,0,3,0,0,2,15,0,3,2,1,2,0,0,1,0,0,0,0,0,0
902,15:01,#REF!,49,0,49,4.624576839,0,0,0,0,1,2,2,1,9,0,0,0,5,0,3,0,0,2,15,0,3,2,1,2,0,0,1,0,0,0,0,0,0
903,15:02,#REF!,49,0,49,4.624576839,0,0,0,0,1,2,2,1,9,0,0,0,5,0,3,0,0,2,15,0,3,2,1,2,0,0,1,0,0,0,0,0,0
904,15:03,#REF!,49,0,49,4.624576839,0,0,0,0,1,2,2,1,9,0,0,0,5,0,3,0,0,2,15,0,3,2,1,2,0,0,1,0,0,0,0,0,0
905,15:04,#REF!,49,0,49,4.624576839,0,0,0,0,1,2,2,1,9,0,0,0,5,0,3,0,0,2,15,0,3,2,1,2,0,0,1,0,0,0,0,0,0
906,15:05,#REF!,49,0,49,4.624576839,0,0,0,0,1,2,2,1,9,0,0,0,5,0,3,0,0,2,15,0,3,2,1,2,0,0,1,0,0,0,0,0,0
907,15:06,#REF!,49,0,49,4.624576839,0,0,0,0,1,2,2,1,9,0,0,0,5,0,3,0,0,2,15,0,3,2,1,2,0,0,1,0,0,0,0,0,0
908,15:07,#REF!,49,0,49,4.624576839,0,0,0,0,1,2,2,1,9,0,0,0,5,0,3,0,0,2,15,0,3,2,1,2,0,0,1,0,0,0,0,0,0
909,15:08,#REF!,49,0,49,4.624576839,0,0,0,0,1,2,2,1,9,0,0,0,5,0,3,0,0,2,15,0,3,2,1,2,0,0,1,0,0,0,0,0,0
910,15:09,#REF!,49,0,49,4.624576839,0,0,0,0,1,2,2,1,9,0,0,0,5,0,3,0,0,2,15,0,3,2,1,2,0,0,1,0,0,0,0,0,0
911,15:10,#REF!,49,0,49,4.624576839,0,0,0,0,1,2,2,1,9,0,0,0,5,0,3,0,0,2,15,0,3,2,1,2,0,0,1,0,0,0,0,0,0
912,15:11,#REF!,49,0,49,4.624576839,0,0,0,0,1,2,2,1,9,0,0,0,5,0,3,0,0,2,15,0,3,2,1,2,0,0,1,0,0,0,0,0,0
913,15:12,#REF!,49,0,49,4.624576839,0,0,0,0,1,2,2,1,9,0,0,0,5,0,3,0,0,2,15,0,3,2,1,2,0,0,1,0,0,0,0,0,0
914,15:13,#REF!,49,0,49,4.624576839,0,0,0,0,1,2,2,1,9,0,0,0,5,0,3,0,0,2,15,0,3,2,1,2,0,0,1,0,0,0,0,0,0
915,15:14,#REF!,49,0,49,4.624576839,0,0,0,0,1,2,2,1,9,0,0,0,5,0,3,0,0,2,15,0,3,2,1,2,0,0,1,0,0,0,0,0,0
916,15:15,#REF!,49,0,49,4.624576839,0,0,0,0,1,2,2,1,9,0,0,0,5,0,3,0,0,2,15,0,3,2,1,2,0,0,1,0,0,0,0,0,0
917,15:16,#REF!,49,0,49,4.624576839,0,0,0,0,1,2,2,1,9,0,0,0,5,0,3,0,0,2,15,0,3,2,1,2,0,0,1,0,0,0,0,0,0
918,15:17,#REF!,49,0,49,4.624576839,0,0,0,0,1,2,2,1,9,0,0,0,5,0,3,0,0,2,15,0,3,2,1,2,0,0,1,0,0,0,0,0,0
919,15:18,#REF!,49,0,49,4.624576839,0,0,0,0,1,2,2,1,9,0,0,0,5,0,3,0,0,2,15,0,3,2,1,2,0,0,1,0,0,0,0,0,0
920,15:19,#REF!,49,0,49,4.624576839,0,0,0,0,1,2,2,1,9,0,0,0,5,0,3,0,0,2,15,0,3,2,1,2,0,0,1,0,0,0,0,0,0
921,15:20,#REF!,49,0,49,4.624576839,0,0,0,0,1,2,2,1,9,0,0,0,5,0,3,0,0,2,15,0,3,2,1,2,0,0,1,0,0,0,0,0,0
922,15:21,#REF!,49,0,49,4.624576839,0,0,0,0,1,2,2,1,9,0,0,0,5,0,3,0,0,2,15,0,3,2,1,2,0,0,1,0,0,0,0,0,0
923,15:22,#REF!,49,0,49,4.624576839,0,0,0,0,1,2,2,1,9,0,0,0,5,0,3,0,0,2,15,0,3,2,1,2,0,0,1,0,0,0,0,0,0
924,15:23,#REF!,49,0,49,4.624576839,0,0,0,0,1,2,2,1,9,0,0,0,5,0,3,0,0,2,15,0,3,2,1,2,0,0,1,0,0,0,0,0,0
925,15:24,#REF!,49,0,49,4.624576839,0,0,0,0,1,2,2,1,9,0,0,0,5,0,3,0,0,2,15,0,3,2,1,2,0,0,1,0,0,0,0,0,0
926,15:25,#REF!,49,0,49,4.624576839,0,0,0,0,1,2,2,1,9,0,0,0,5,0,3,0,0,2,15,0,3,2,1,2,0,0,1,0,0,0,0,0,0
927,15:26,#REF!,49,0,49,4.624576839,0,0,0,0,1,2,2,1,9,0,0,0,5,0,3,0,0,2,15,0,3,2,1,2,0,0,1,0,0,0,0,0,0
928,15:27,#REF!,49,0,49,4.624576839,0,0,0,0,1,2,2,1,9,0,0,0,5,0,3,0,0,2,15,0,3,2,1,2,0,0,1,0,0,0,0,0,0
929,15:28,#REF!,49,0,49,4.624576839,0,0,0,0,1,2,2,1,9,0,0,0,5,0,3,0,0,2,15,0,3,2,1,2,0,0,1,0,0,0,0,0,0
930,15:29,#REF!,49,0,49,4.624576839,0,0,0,0,1,2,2,1,9,0,0,0,5,0,3,0,0,2,15,0,3,2,1,2,0,0,1,0,0,0,0,0,0
931,15:30,#REF!,49,0,49,4.624576839,0,0,0,0,1,2,2,1,9,0,0,0,5,0,3,0,0,2,15,0,3,2,1,2,0,0,1,0,0,0,0,0,0
932,15:31,#REF!,49,0,49,4.624576839,0,0,0,0,1,2,2,1,9,0,0,0,5,0,3,0,0,2,15,0,3,2,1,2,0,0,1,0,0,0,0,0,0
933,15:32,#REF!,49,0,49,4.624576839,0,0,0,0,1,2,2,1,9,0,0,0,5,0,3,0,0,2,15,0,3,2,1,2,0,0,1,0,0,0,0,0,0
934,15:33,#REF!,49,0,49,4.624576839,0,0,0,0,1,2,2,1,9,0,0,0,5,0,3,0,0,2,15,0,3,2,1,2,0,0,1,0,0,0,0,0,0
935,15:34,#REF!,49,0,49,4.624576839,0,0,0,0,1,2,2,1,9,0,0,0,5,0,3,0,0,2,15,0,3,2,1,2,0,0,1,0,0,0,0,0,0
936,15:35,#REF!,49,0,49,4.624576839,0,0,0,0,1,2,2,1,9,0,0,0,5,0,3,0,0,2,15,0,3,2,1,2,0,0,1,0,0,0,0,0,0
937,15:36,#REF!,49,0,49,4.624576839,0,0,0,0,1,2,2,1,9,0,0,0,5,0,3,0,0,2,15,0,3,2,1,2,0,0,1,0,0,0,0,0,0
938,15:37,#REF!,49,0,49,4.624576839,0,0,0,0,1,2,2,1,9,0,0,0,5,0,3,0,0,2,15,0,3,2,1,2,0,0,1,0,0,0,0,0,0
939,15:38,#REF!,49,0,49,4.624576839,0,0,0,0,1,2,2,1,9,0,0,0,5,0,3,0,0,2,15,0,3,2,1,2,0,0,1,0,0,0,0,0,0
940,15:39,#REF!,49,0,49,4.624576839,0,0,0,0,1,2,2,1,9,0,0,0,5,0,3,0,0,2,15,0,3,2,1,2,0,0,1,0,0,0,0,0,0
941,15:40,#REF!,49,0,49,4.624576839,0,0,0,0,1,2,2,1,9,0,0,0,5,0,3,0,0,2,15,0,3,2,1,2,0,0,1,0,0,0,0,0,0
942,15:41,#REF!,49,0,49,4.624576839,0,0,0,0,1,2,2,1,9,0,0,0,5,0,3,0,0,2,15,0,3,2,1,2,0,0,1,0,0,0,0,0,0
943,15:42,#REF!,49,0,49,4.624576839,0,0,0,0,1,2,2,1,9,0,0,0,5,0,3,0,0,2,15,0,3,2,1,2,0,0,1,0,0,0,0,0,0
944,15:43,#REF!,49,0,49,4.624576839,0,0,0,0,1,2,2,1,9,0,0,0,5,0,3,0,0,2,15,0,3,2,1,2,0,0,1,0,0,0,0,0,0
945,15:44,#REF!,49,0,49,4.624576839,0,0,0,0,1,2,2,1,9,0,0,0,5,0,3,0,0,2,15,0,3,2,1,2,0,0,1,0,0,0,0,0,0
946,15:45,#REF!,49,0,49,4.624576839,0,0,0,0,1,2,2,1,9,0,0,0,5,0,3,0,0,2,15,0,3,2,1,2,0,0,1,0,0,0,0,0,0
947,15:46,#REF!,49,0,49,4.624576839,0,0,0,0,1,2,2,1,9,0,0,0,5,0,3,0,0,2,15,0,3,2,1,2,0,0,1,0,0,0,0,0,0
948,15:47,#REF!,49,0,49,4.624576839,0,0,0,0,1,2,2,1,9,0,0,0,5,0,3,0,0,2,15,0,3,2,1,2,0,0,1,0,0,0,0,0,0
949,15:48,#REF!,49,0,49,4.624576839,0,0,0,0,1,2,2,1,9,0,0,0,5,0,3,0,0,2,15,0,3,2,1,2,0,0,1,0,0,0,0,0,0
950,15:49,#REF!,49,0,49,4.624576839,0,0,0,0,1,2,2,1,9,0,0,0,5,0,3,0,0,2,15,0,3,2,1,2,0,0,1,0,0,0,0,0,0
951,15:50,#REF!,2082,0,2082,4.624576839,0,0,0,0,1,15,2,1,9,0,0,0,5,0,3,0,0,2,23,0,3,2,1,2,0,0,1,0,0,0,0,0,2012
952,15:51,#REF!,2082,0,2082,4.624576839,0,0,0,0,1,15,2,1,9,0,0,0,5,0,3,0,0,2,23,0,3,2,1,2,0,0,1,0,0,0,0,0,2012
953,15:52,#REF!,2082,0,2082,4.624576839,0,0,0,0,1,15,2,1,9,0,0,0,5,0,3,0,0,2,23,0,3,2,1,2,0,0,1,0,0,0,0,0,2012
954,15:53,#REF!,2082,0,2082,4.624576839,0,0,0,0,1,15,2,1,9,0,0,0,5,0,3,0,0,2,23,0,3,2,1,2,0,0,1,0,0,0,0,0,2012
955,15:54,#REF!,2082,0,2082,4.624576839,0,0,0,0,1,15,2,1,9,0,0,0,5,0,3,0,0,2,23,0,3,2,1,2,0,0,1,0,0,0,0,0,2012
956,15:55,#REF!,2082,0,2082,4.624576839,0,0,0,0,1,15,2,1,9,0,0,0,5,0,3,0,0,2,23,0,3,2,1,2,0,0,1,0,0,0,0,0,2012
957,15:56,#REF!,2082,0,2082,4.624576839,0,0,0,0,1,15,2,1,9,0,0,0,5,0,3,0,0,2,23,0,3,2,1,2,0,0,1,0,0,0,0,0,2012
958,15:57,#REF!,2082,0,2082,4.624576839,0,0,0,0,1,15,2,1,9,0,0,0,5,0,3,0,0,2,23,0,3,2,1,2,0,0,1,0,0,0,0,0,2012
959,15:58,#REF!,2082,0,2082,4.624576839,0,0,0,0,1,15,2,1,9,0,0,0,5,0,3,0,0,2,23,0,3,2,1,2,0,0,1,0,0,0,0,0,2012
960,15:59,#REF!,2082,0,2082,4.624576839,0,0,0,0,1,15,2,1,9,0,0,0,5,0,3,0,0,2,23,0,3,2,1,2,0,0,1,0,0,0,0,0,2012
961,16:00,#REF!,2082,0,2082,4.624576839,0,0,0,0,1,15,2,1,9,0,0,0,5,0,3,0,0,2,23,0,3,2,1,2,0,0,1,0,0,0,0,0,2012
962,16:01,#REF!,2082,0,2082,4.624576839,0,0,0,0,1,15,2,1,9,0,0,0,5,0,3,0,0,2,23,0,3,2,1,2,0,0,1,0,0,0,0,0,2012
963,16:02,#REF!,2082,0,2082,4.624576839,0,0,0,0,1,15,2,1,9,0,0,0,5,0,3,0,0,2,23,0,3,2,1,2,0,0,1,0,0,0,0,0,2012
964,16:03,#REF!,2082,0,2082,4.624576839,0,0,0,0,1,15,2,1,9,0,0,0,5,0,3,0,0,2,23,0,3,2,1,2,0,0,1,0,0,0,0,0,2012
965,16:04,#REF!,2082,0,2082,4.624576839,0,0,0,0,1,15,2,1,9,0,0,0,5,0,3,0,0,2,23,0,3,2,1,2,0,0,1,0,0,0,0,0,2012
966,16:05,#REF!,2082,0,2082,4.624576839,0,0,0,0,1,15,2,1,9,0,0,0,5,0,3,0,0,2,23,0,3,2,1,2,0,0,1,0,0,0,0,0,2012
967,16:06,#REF!,2074,0,2074,4.624576839,0,0,0,0,1,15,2,1,9,0,0,0,5,0,3,0,0,2,15,0,3,2,1,2,0,0,1,0,0,0,0,0,2012
968,16:07,#REF!,2061,0,2061,4.624576839,0,0,0,0,1,2,2,1,9,0,0,0,5,0,3,0,0,2,15,0,3,2,1,2,0,0,1,0,0,0,0,0,2012
969,16:08,#REF!,2074,0,2074,4.624576839,0,0,0,0,1,15,2,1,9,0,0,0,5,0,3,0,0,2,15,0,3,2,1,2,0,0,1,0,0,0,0,0,2012
970,16:09,#REF!,2074,0,2074,4.624576839,0,0,0,0,1,15,2,1,9,0,0,0,5,0,3,0,0,2,15,0,3,2,1,2,0,0,1,0,0,0,0,0,2012
971,16:10,#REF!,2074,0,2074,4.624576839,0,0,0,0,1,15,2,1,9,0,0,0,5,0,3,0,0,2,15,0,3,2,1,2,0,0,1,0,0,0,0,0,2012
972,16:11,#REF!,2074,0,2074,4.624576839,0,0,0,0,1,15,2,1,9,0,0,0,5,0,3,0,0,2,15,0,3,2,1,2,0,0,1,0,0,0,0,0,2012
973,16:12,#REF!,2074,0,2074,4.624576839,0,0,0,0,1,15,2,1,9,0,0,0,5,0,3,0,0,2,15,0,3,2,1,2,0,0,1,0,0,0,0,0,2012
974,16:13,#REF!,2074,0,2074,4.624576839,0,0,0,0,1,15,2,1,9,0,0,0,5,0,3,0,0,2,15,0,3,2,1,2,0,0,1,0,0,0,0,0,2012
975,16:14,#REF!,2074,0,2074,4.624576839,0,0,0,0,1,15,2,1,9,0,0,0,5,0,3,0,0,2,15,0,3,2,1,2,0,0,1,0,0,0,0,0,2012
976,16:15,#REF!,2074,0,2074,4.624576839,0,0,0,0,1,15,2,1,9,0,0,0,5,0,3,0,0,2,15,0,3,2,1,2,0,0,1,0,0,0,0,0,2012
977,16:16,#REF!,2074,0,2074,4.624576839,0,0,0,0,1,15,2,1,9,0,0,0,5,0,3,0,0,2,15,0,3,2,1,2,0,0,1,0,0,0,0,0,2012
978,16:17,#REF!,2074,0,2074,4.624576839,0,0,0,0,1,15,2,1,9,0,0,0,5,0,3,0,0,2,15,0,3,2,1,2,0,0,1,0,0,0,0,0,2012
979,16:18,#REF!,2074,0,2074,4.624576839,0,0,0,0,1,15,2,1,9,0,0,0,5,0,3,0,0,2,15,0,3,2,1,2,0,0,1,0,0,0,0,0,2012
980,16:19,#REF!,2074,0,2074,4.624576839,0,0,0,0,1,15,2,1,9,0,0,0,5,0,3,0,0,2,15,0,3,2,1,2,0,0,1,0,0,0,0,0,2012
981,16:20,#REF!,2074,0,2074,4.624576839,0,0,0,0,1,15,2,1,9,0,0,0,5,0,3,0,0,2,15,0,3,2,1,2,0,0,1,0,0,0,0,0,2012
982,16:21,#REF!,2074,0,2074,4.624576839,0,0,0,0,1,15,2,1,9,0,0,0,5,0,3,0,0,2,15,0,3,2,1,2,0,0,1,0,0,0,0,0,2012
983,16:22,#REF!,2074,0,2074,4.624576839,0,0,0,0,1,15,2,1,9,0,0,0,5,0,3,0,0,2,15,0,3,2,1,2,0,0,1,0,0,0,0,0,2012
984,16:23,#REF!,2074,0,2074,4.624576839,0,0,0,0,1,15,2,1,9,0,0,0,5,0,3,0,0,2,15,0,3,2,1,2,0,0,1,0,0,0,0,0,2012
985,16:24,#REF!,2074,0,2074,4.624576839,0,0,0,0,1,15,2,1,9,0,0,0,5,0,3,0,0,2,15,0,3,2,1,2,0,0,1,0,0,0,0,0,2012
986,16:25,#REF!,2074,0,2074,4.624576839,0,0,0,0,1,15,2,1,9,0,0,0,5,0,3,0,0,2,15,0,3,2,1,2,0,0,1,0,0,0,0,0,2012
987,16:26,#REF!,2074,0,2074,4.624576839,0,0,0,0,1,15,2,1,9,0,0,0,5,0,3,0,0,2,15,0,3,2,1,2,0,0,1,0,0,0,0,0,2012
988,16:27,#REF!,2074,0,2074,4.624576839,0,0,0,0,1,15,2,1,9,0,0,0,5,0,3,0,0,2,15,0,3,2,1,2,0,0,1,0,0,0,0,0,2012
989,16:28,#REF!,2074,0,2074,4.624576839,0,0,0,0,1,15,2,1,9,0,0,0,5,0,3,0,0,2,15,0,3,2,1,2,0,0,1,0,0,0,0,0,2012
990,16:29,#REF!,2074,0,2074,4.624576839,0,0,0,0,1,15,2,1,9,0,0,0,5,0,3,0,0,2,15,0,3,2,1,2,0,0,1,0,0,0,0,0,2012
991,16:30,#REF!,2074,0,2074,4.624576839,0,0,0,0,1,15,2,1,9,0,0,0,5,0,3,0,0,2,15,0,3,2,1,2,0,0,1,0,0,0,0,0,2012
992,16:31,#REF!,2074,0,2074,4.624576839,0,0,0,0,1,15,2,1,9,0,0,0,5,0,3,0,0,2,15,0,3,2,1,2,0,0,1,0,0,0,0,0,2012
993,16:32,#REF!,2074,0,2074,4.624576839,0,0,0,0,1,15,2,1,9,0,0,0,5,0,3,0,0,2,15,0,3,2,1,2,0,0,1,0,0,0,0,0,2012
994,16:33,#REF!,2074,0,2074,4.624576839,0,0,0,0,1,15,2,1,9,0,0,0,5,0,3,0,0,2,15,0,3,2,1,2,0,0,1,0,0,0,0,0,2012
995,16:34,#REF!,2074,0,2074,4.624576839,0,0,0,0,1,15,2,1,9,0,0,0,5,0,3,0,0,2,15,0,3,2,1,2,0,0,1,0,0,0,0,0,2012
996,16:35,#REF!,2074,0,2074,4.624576839,0,0,0,0,1,15,2,1,9,0,0,0,5,0,3,0,0,2,15,0,3,2,1,2,0,0,1,0,0,0,0,0,2012
997,16:36,#REF!,2074,0,2074,4.624576839,0,0,0,0,1,15,2,1,9,0,0,0,5,0,3,0,0,2,15,0,3,2,1,2,0,0,1,0,0,0,0,0,2012
998,16:37,#REF!,2074,0,2074,4.624576839,0,0,0,0,1,15,2,1,9,0,0,0,5,0,3,0,0,2,15,0,3,2,1,2,0,0,1,0,0,0,0,0,2012
999,16:38,#REF!,2074,0,2074,4.624576839,0,0,0,0,1,15,2,1,9,0,0,0,5,0,3,0,0,2,15,0,3,2,1,2,0,0,1,0,0,0,0,0,2012
1000,16:39,#REF!,2074,0,2074,4.624576839,0,0,0,0,1,15,2,1,9,0,0,0,5,0,3,0,0,2,15,0,3,2,1,2,0,0,1,0,0,0,0,0,2012
1001,16:40,#REF!,2074,0,2074,4.624576839,0,0,0,0,1,15,2,1,9,0,0,0,5,0,3,0,0,2,15,0,3,2,1,2,0,0,1,0,0,0,0,0,2012
1002,16:41,#REF!,2074,0,2074,4.624576839,0,0,0,0,1,15,2,1,9,0,0,0,5,0,3,0,0,2,15,0,3,2,1,2,0,0,1,0,0,0,0,0,2012
1003,16:42,#REF!,2074,0,2074,4.624576839,0,0,0,0,1,15,2,1,9,0,0,0,5,0,3,0,0,2,15,0,3,2,1,2,0,0,1,0,0,0,0,0,2012
1004,16:43,#REF!,2101,0,2101,4.624576839,0,0,0,0,1,15,2,1,9,0,0,0,5,0,3,0,0,29,15,0,3,2,1,2,0,0,1,0,0,0,0,0,2012
1005,16:44,#REF!,2101,0,2101,4.624576839,0,0,0,0,1,15,2,1,9,0,0,0,5,0,3,0,0,29,15,0,3,2,1,2,0,0,1,0,0,0,0,0,2012
1006,16:45,#REF!,2101,0,2101,4.624576839,0,0,0,0,1,15,2,1,9,0,0,0,5,0,3,0,0,29,15,0,3,2,1,2,0,0,1,0,0,0,0,0,2012
1007,16:46,#REF!,2101,0,2101,4.624576839,0,0,0,0,1,15,2,1,9,0,0,0,5,0,3,0,0,29,15,0,3,2,1,2,0,0,1,0,0,0,0,0,2012
1008,16:47,#REF!,2101,0,2101,4.624576839,0,0,0,0,1,15,2,1,9,0,0,0,5,0,3,0,0,29,15,0,3,2,1,2,0,0,1,0,0,0,0,0,2012
1009,16:48,#REF!,2101,0,2101,4.624576839,0,0,0,0,1,15,2,1,9,0,0,0,5,0,3,0,0,29,15,0,3,2,1,2,0,0,1,0,0,0,0,0,2012
1010,16:49,#REF!,89,0,89,4.624576839,0,0,0,0,1,15,2,1,9,0,0,0,5,0,3,0,0,29,15,0,3,2,1,2,0,0,1,0,0,0,0,0,0
1011,16:50,#REF!,89,0,89,4.624576839,0,0,0,0,1,15,2,1,9,0,0,0,5,0,3,0,0,29,15,0,3,2,1,2,0,0,1,0,0,0,0,0,0
1012,16:51,#REF!,89,0,89,4.624576839,0,0,0,0,1,15,2,1,9,0,0,0,5,0,3,0,0,29,15,0,3,2,1,2,0,0,1,0,0,0,0,0,0
1013,16:52,#REF!,203,0,203,59.83729679,0,0,0,0,1,15,2,1,9,0,0,0,119,0,3,0,0,29,15,0,3,2,1,2,0,0,1,0,0,0,0,0,0
1014,16:53,#REF!,203,0,203,59.83729679,0,0,0,0,1,15,2,1,9,0,0,0,119,0,3,0,0,29,15,0,3,2,1,2,0,0,1,0,0,0,0,0,0
1015,16:54,#REF!,203,0,203,59.83729679,0,0,0,0,1,15,2,1,9,0,0,0,119,0,3,0,0,29,15,0,3,2,1,2,0,0,1,0,0,0,0,0,0
1016,16:55,#REF!,203,0,203,59.83729679,0,0,0,0,1,15,2,1,9,0,0,0,119,0,3,0,0,29,15,0,3,2,1,2,0,0,1,0,0,0,0,0,0
1017,16:56,#REF!,203,0,203,59.83729679,0,0,0,0,1,15,2,1,9,0,0,0,119,0,3,0,0,29,15,0,3,2,1,2,0,0,1,0,0,0,0,0,0
1018,16:57,#REF!,203,0,203,59.83729679,0,0,0,0,1,15,2,1,9,0,0,0,119,0,3,0,0,29,15,0,3,2,1,2,0,0,1,0,0,0,0,0,0
1019,16:58,#REF!,203,0,203,59.83729679,0,0,0,0,1,15,2,1,9,0,0,0,119,0,3,0,0,29,15,0,3,2,1,2,0,0,1,0,0,0,0,0,0
1020,16:59,#REF!,263,60,203,59.83729679,0,0,0,0,1,15,2,1,9,0,0,0,119,0,3,0,0,29,15,0,3,2,1,2,0,0,1,0,0,0,0,0,0
1021,17:00,#REF!,263,60,203,59.83729679,0,0,0,0,1,15,2,1,9,0,0,0,119,0,3,0,0,29,15,0,3,2,1,2,0,0,1,0,0,0,0,0,0
1022,17:01,#REF!,203,0,203,59.83729679,0,0,0,0,1,15,2,1,9,0,0,0,119,0,3,0,0,29,15,0,3,2,1,2,0,0,1,0,0,0,0,0,0
1023,17:02,#REF!,203,0,203,59.83729679,0,0,0,0,1,15,2,1,9,0,0,0,119,0,3,0,0,29,15,0,3,2,1,2,0,0,1,0,0,0,0,0,0
1024,17:03,#REF!,203,0,203,59.83729679,0,0,0,0,1,15,2,1,9,0,0,0,119,0,3,0,0,29,15,0,3,2,1,2,0,0,1,0,0,0,0,0,0
1025,17:04,#REF!,203,0,203,59.83729679,0,0,0,0,1,15,2,1,9,0,0,0,119,0,3,0,0,29,15,0,3,2,1,2,0,0,1,0,0,0,0,0,0
1026,17:05,#REF!,203,0,203,59.83729679,0,0,0,0,1,15,2,1,9,0,0,0,119,0,3,0,0,29,15,0,3,2,1,2,0,0,1,0,0,0,0,0,0
1027,17:06,#REF!,203,0,203,59.83729679,0,0,0,0,1,15,2,1,9,0,0,0,119,0,3,0,0,29,15,0,3,2,1,2,0,0,1,0,0,0,0,0,0
1028,17:07,#REF!,203,0,203,59.83729679,0,0,0,0,1,15,2,1,9,0,0,0,119,0,3,0,0,29,15,0,3,2,1,2,0,0,1,0,0,0,0,0,0
1029,17:08,#REF!,190,0,190,59.83729679,0,0,0,0,1,2,2,1,9,0,0,0,119,0,3,0,0,29,15,0,3,2,1,2,0,0,1,0,0,0,0,0,0
1030,17:09,#REF!,190,0,190,59.83729679,0,0,0,0,1,2,2,1,9,0,0,0,119,0,3,0,0,29,15,0,3,2,1,2,0,0,1,0,0,0,0,0,0
1031,17:10,#REF!,190,0,190,59.83729679,0,0,0,0,1,2,2,1,9,0,0,0,119,0,3,0,0,29,15,0,3,2,1,2,0,0,1,0,0,0,0,0,0
1032,17:11,#REF!,190,0,190,59.83729679,0,0,0,0,1,2,2,1,9,0,0,0,119,0,3,0,0,29,15,0,3,2,1,2,0,0,1,0,0,0,0,0,0
1033,17:12,#REF!,190,0,190,59.83729679,0,0,0,0,1,2,2,1,9,0,0,0,119,0,3,0,0,29,15,0,3,2,1,2,0,0,1,0,0,0,0,0,0
1034,17:13,#REF!,190,0,190,59.83729679,0,0,0,0,1,2,2,1,9,0,0,0,119,0,3,0,0,29,15,0,3,2,1,2,0,0,1,0,0,0,0,0,0
1035,17:14,#REF!,190,0,190,59.83729679,0,0,0,0,1,2,2,1,9,0,0,0,119,0,3,0,0,29,15,0,3,2,1,2,0,0,1,0,0,0,0,0,0
1036,17:15,#REF!,190,0,190,59.83729679,0,0,0,0,1,2,2,1,9,0,0,0,119,0,3,0,0,29,15,0,3,2,1,2,0,0,1,0,0,0,0,0,0
1037,17:16,#REF!,190,0,190,59.83729679,0,0,0,0,1,2,2,1,9,0,0,0,119,0,3,0,0,29,15,0,3,2,1,2,0,0,1,0,0,0,0,0,0
1038,17:17,#REF!,190,0,190,59.83729679,0,0,0,0,1,2,2,1,9,0,0,0,119,0,3,0,0,29,15,0,3,2,1,2,0,0,1,0,0,0,0,0,0
1039,17:18,#REF!,190,0,190,59.83729679,0,0,0,0,1,2,2,1,9,0,0,0,119,0,3,0,0,29,15,0,3,2,1,2,0,0,1,0,0,0,0,0,0
1040,17:19,#REF!,2027,0,2027,59.83729679,0,0,0,0,1,2,2,1,9,0,0,0,119,0,3,0,0,29,15,0,3,2,1838,2,0,0,1,0,0,0,0,0,0
1041,17:20,#REF!,2027,0,2027,59.83729679,0,0,0,0,1,2,2,1,9,0,0,0,119,0,3,0,0,29,15,0,3,2,1838,2,0,0,1,0,0,0,0,0,0
1042,17:21,#REF!,2027,0,2027,59.83729679,0,0,0,0,1,2,2,1,9,0,0,0,119,0,3,0,0,29,15,0,3,2,1838,2,0,0,1,0,0,0,0,0,0
1043,17:22,#REF!,190,0,190,59.83729679,0,0,0,0,1,2,2,1,9,0,0,0,119,0,3,0,0,29,15,0,3,2,1,2,0,0,1,0,0,0,0,0,0
1044,17:23,#REF!,190,0,190,59.83729679,0,0,0,0,1,2,2,1,9,0,0,0,119,0,3,0,0,29,15,0,3,2,1,2,0,0,1,0,0,0,0,0,0
1045,17:24,#REF!,190,0,190,59.83729679,0,0,0,0,1,2,2,1,9,0,0,0,119,0,3,0,0,29,15,0,3,2,1,2,0,0,1,0,0,0,0,0,0
1046,17:25,#REF!,190,0,190,59.83729679,0,0,0,0,1,2,2,1,9,0,0,0,119,0,3,0,0,29,15,0,3,2,1,2,0,0,1,0,0,0,0,0,0
1047,17:26,#REF!,190,0,190,59.83729679,0,0,0,0,1,2,2,1,9,0,0,0,119,0,3,0,0,29,15,0,3,2,1,2,0,0,1,0,0,0,0,0,0
1048,17:27,#REF!,190,0,190,59.83729679,0,0,0,0,1,2,2,1,9,0,0,0,119,0,3,0,0,29,15,0,3,2,1,2,0,0,1,0,0,0,0,0,0
1049,17:28,#REF!,250,60,190,59.83729679,0,0,0,0,1,2,2,1,9,0,0,0,119,0,3,0,0,29,15,0,3,2,1,2,0,0,1,0,0,0,0,0,0
1050,17:29,#REF!,250,60,190,59.83729679,0,0,0,0,1,2,2,1,9,0,0,0,119,0,3,0,0,29,15,0,3,2,1,2,0,0,1,0,0,0,0,0,0
1051,17:30,#REF!,250,60,190,59.83729679,0,0,0,0,1,2,2,1,9,0,0,0,119,0,3,0,0,29,15,0,3,2,1,2,0,0,1,0,0,0,0,0,0
1052,17:31,#REF!,250,60,190,59.83729679,0,0,0,0,1,2,2,1,9,0,0,0,119,0,3,0,0,29,15,0,3,2,1,2,0,0,1,0,0,0,0,0,0
1053,17:32,#REF!,250,60,190,59.83729679,0,0,0,0,1,2,2,1,9,0,0,0,119,0,3,0,0,29,15,0,3,2,1,2,0,0,1,0,0,0,0,0,0
1054,17:33,#REF!,250,60,190,59.83729679,0,0,0,0,1,2,2,1,9,0,0,0,119,0,3,0,0,29,15,0,3,2,1,2,0,0,1,0,0,0,0,0,0
1055,17:34,#REF!,250,60,190,59.83729679,0,0,0,0,1,2,2,1,9,0,0,0,119,0,3,0,0,29,15,0,3,2,1,2,0,0,1,0,0,0,0,0,0
1056,17:35,#REF!,250,60,190,59.83729679,0,0,0,0,1,2,2,1,9,0,0,0,119,0,3,0,0,29,15,0,3,2,1,2,0,0,1,0,0,0,0,0,0
1057,17:36,#REF!,250,60,190,59.83729679,0,0,0,0,1,2,2,1,9,0,0,0,119,0,3,0,0,29,15,0,3,2,1,2,0,0,1,0,0,0,0,0,0
1058,17:37,#REF!,250,60,190,59.83729679,0,0,0,0,1,2,2,1,9,0,0,0,119,0,3,0,0,29,15,0,3,2,1,2,0,0,1,0,0,0,0,0,0
1059,17:38,#REF!,250,60,190,59.83729679,0,0,0,0,1,2,2,1,9,0,0,0,119,0,3,0,0,29,15,0,3,2,1,2,0,0,1,0,0,0,0,0,0
1060,17:39,#REF!,250,60,190,59.83729679,0,0,0,0,1,2,2,1,9,0,0,0,119,0,3,0,0,29,15,0,3,2,1,2,0,0,1,0,0,0,0,0,0
1061,17:40,#REF!,250,60,190,59.83729679,0,0,0,0,1,2,2,1,9,0,0,0,119,0,3,0,0,29,15,0,3,2,1,2,0,0,1,0,0,0,0,0,0
1062,17:41,#REF!,250,60,190,59.83729679,0,0,0,0,1,2,2,1,9,0,0,0,119,0,3,0,0,29,15,0,3,2,1,2,0,0,1,0,0,0,0,0,0
1063,17:42,#REF!,250,60,190,59.83729679,0,0,0,0,1,2,2,1,9,0,0,0,119,0,3,0,0,29,15,0,3,2,1,2,0,0,1,0,0,0,0,0,0
1064,17:43,#REF!,250,60,190,59.83729679,0,0,0,0,1,2,2,1,9,0,0,0,119,0,3,0,0,29,15,0,3,2,1,2,0,0,1,0,0,0,0,0,0
1065,17:44,#REF!,250,60,190,59.83729679,0,0,0,0,1,2,2,1,9,0,0,0,119,0,3,0,0,29,15,0,3,2,1,2,0,0,1,0,0,0,0,0,0
1066,17:45,#REF!,250,60,190,59.83729679,0,0,0,0,1,2,2,1,9,0,0,0,119,0,3,0,0,29,15,0,3,2,1,2,0,0,1,0,0,0,0,0,0
1067,17:46,#REF!,250,60,190,59.83729679,0,0,0,0,1,2,2,1,9,0,0,0,119,0,3,0,0,29,15,0,3,2,1,2,0,0,1,0,0,0,0,0,0
1068,17:47,#REF!,250,60,190,59.83729679,0,0,0,0,1,2,2,1,9,0,0,0,119,0,3,0,0,29,15,0,3,2,1,2,0,0,1,0,0,0,0,0,0
1069,17:48,#REF!,250,60,190,59.83729679,0,0,0,0,1,2,2,1,9,0,0,0,119,0,3,0,0,29,15,0,3,2,1,2,0,0,1,0,0,0,0,0,0
1070,17:49,#REF!,250,60,190,59.83729679,0,0,0,0,1,2,2,1,9,0,0,0,119,0,3,0,0,29,15,0,3,2,1,2,0,0,1,0,0,0,0,0,0
1071,17:50,#REF!,250,60,190,59.83729679,0,0,0,0,1,2,2,1,9,0,0,0,119,0,3,0,0,29,15,0,3,2,1,2,0,0,1,0,0,0,0,0,0
1072,17:51,#REF!,250,60,190,59.83729679,0,0,0,0,1,2,2,1,9,0,0,0,119,0,3,0,0,29,15,0,3,2,1,2,0,0,1,0,0,0,0,0,0
1073,17:52,#REF!,250,60,190,59.83729679,0,0,0,0,1,2,2,1,9,0,0,0,119,0,3,0,0,29,15,0,3,2,1,2,0,0,1,0,0,0,0,0,0
1074,17:53,#REF!,250,60,190,59.83729679,0,0,0,0,1,2,2,1,9,0,0,0,119,0,3,0,0,29,15,0,3,2,1,2,0,0,1,0,0,0,0,0,0
1075,17:54,#REF!,250,60,190,59.83729679,0,0,0,0,1,2,2,1,9,0,0,0,119,0,3,0,0,29,15,0,3,2,1,2,0,0,1,0,0,0,0,0,0
1076,17:55,#REF!,250,60,190,59.83729679,0,0,0,0,1,2,2,1,9,0,0,0,119,0,3,0,0,29,15,0,3,2,1,2,0,0,1,0,0,0,0,0,0
1077,17:56,#REF!,223,60,163,59.83729679,0,0,0,0,1,2,2,1,9,0,0,0,119,0,3,0,0,2,15,0,3,2,1,2,0,0,1,0,0,0,0,0,0
1078,17:57,#REF!,2060,60,2000,59.83729679,0,0,0,0,1,2,2,1,9,0,0,0,119,0,3,0,0,2,15,0,3,2,1838,2,0,0,1,0,0,0,0,0,0
1079,17:58,#REF!,2060,60,2000,59.83729679,0,0,0,0,1,2,2,1,9,0,0,0,119,0,3,0,0,2,15,0,3,2,1838,2,0,0,1,0,0,0,0,0,0
1080,17:59,#REF!,2060,60,2000,59.83729679,0,0,0,0,1,2,2,1,9,0,0,0,119,0,3,0,0,2,15,0,3,2,1838,2,0,0,1,0,0,0,0,0,0
1081,18:00,#REF!,223,60,163,59.83729679,0,0,0,0,1,2,2,1,9,0,0,0,119,0,3,0,0,2,15,0,3,2,1,2,0,0,1,0,0,0,0,0,0
1082,18:01,#REF!,223,60,163,59.83729679,0,0,0,0,1,2,2,1,9,0,0,0,119,0,3,0,0,2,15,0,3,2,1,2,0,0,1,0,0,0,0,0,0
1083,18:02,#REF!,223,60,163,59.83729679,0,0,0,0,1,2,2,1,9,0,0,0,119,0,3,0,0,2,15,0,3,2,1,2,0,0,1,0,0,0,0,0,0
1084,18:03,#REF!,223,60,163,59.83729679,0,0,0,0,1,2,2,1,9,0,0,0,119,0,3,0,0,2,15,0,3,2,1,2,0,0,1,0,0,0,0,0,0
1085,18:04,#REF!,223,60,163,59.83729679,0,0,0,0,1,2,2,1,9,0,0,0,119,0,3,0,0,2,15,0,3,2,1,2,0,0,1,0,0,0,0,0,0
1086,18:05,#REF!,223,60,163,59.83729679,0,0,0,0,1,2,2,1,9,0,0,0,119,0,3,0,0,2,15,0,3,2,1,2,0,0,1,0,0,0,0,0,0
1087,18:06,#REF!,223,60,163,59.83729679,0,0,0,0,1,2,2,1,9,0,0,0,119,0,3,0,0,2,15,0,3,2,1,2,0,0,1,0,0,0,0,0,0
1088,18:07,#REF!,223,60,163,59.83729679,0,0,0,0,1,2,2,1,9,0,0,0,119,0,3,0,0,2,15,0,3,2,1,2,0,0,1,0,0,0,0,0,0
1089,18:08,#REF!,223,60,163,59.83729679,0,0,0,0,1,2,2,1,9,0,0,0,119,0,3,0,0,2,15,0,3,2,1,2,0,0,1,0,0,0,0,0,0
1090,18:09,#REF!,223,60,163,59.83729679,0,0,0,0,1,2,2,1,9,0,0,0,119,0,3,0,0,2,15,0,3,2,1,2,0,0,1,0,0,0,0,0,0
1091,18:10,#REF!,223,60,163,59.83729679,0,0,0,0,1,2,2,1,9,0,0,0,119,0,3,0,0,2,15,0,3,2,1,2,0,0,1,0,0,0,0,0,0
1092,18:11,#REF!,223,60,163,59.83729679,0,0,0,0,1,2,2,1,9,0,0,0,119,0,3,0,0,2,15,0,3,2,1,2,0,0,1,0,0,0,0,0,0
1093,18:12,#REF!,223,60,163,59.83729679,0,0,0,0,1,2,2,1,9,0,0,0,119,0,3,0,0,2,15,0,3,2,1,2,0,0,1,0,0,0,0,0,0
1094,18:13,#REF!,223,60,163,59.83729679,0,0,0,0,1,2,2,1,9,0,0,0,119,0,3,0,0,2,15,0,3,2,1,2,0,0,1,0,0,0,0,0,0
1095,18:14,#REF!,223,60,163,59.83729679,0,0,0,0,1,2,2,1,9,0,0,0,119,0,3,0,0,2,15,0,3,2,1,2,0,0,1,0,0,0,0,0,0
1096,18:15,#REF!,223,60,163,59.83729679,0,0,0,0,1,2,2,1,9,0,0,0,119,0,3,0,0,2,15,0,3,2,1,2,0,0,1,0,0,0,0,0,0
1097,18:16,#REF!,310,120,190,59.83729679,0,0,0,0,1,2,2,1,9,0,0,0,119,0,3,0,0,29,15,0,3,2,1,2,0,0,1,0,0,0,0,0,0
1098,18:17,#REF!,310,120,190,59.83729679,0,0,0,0,1,2,2,1,9,0,0,0,119,0,3,0,0,29,15,0,3,2,1,2,0,0,1,0,0,0,0,0,0
1099,18:18,#REF!,310,120,190,59.83729679,0,0,0,0,1,2,2,1,9,0,0,0,119,0,3,0,0,29,15,0,3,2,1,2,0,0,1,0,0,0,0,0,0
1100,18:19,#REF!,310,120,190,59.83729679,0,0,0,0,1,2,2,1,9,0,0,0,119,0,3,0,0,29,15,0,3,2,1,2,0,0,1,0,0,0,0,0,0
1101,18:20,#REF!,310,120,190,59.83729679,0,0,0,0,1,2,2,1,9,0,0,0,119,0,3,0,0,29,15,0,3,2,1,2,0,0,1,0,0,0,0,0,0
1102,18:21,#REF!,310,120,190,59.83729679,0,0,0,0,1,2,2,1,9,0,0,0,119,0,3,0,0,29,15,0,3,2,1,2,0,0,1,0,0,0,0,0,0
1103,18:22,#REF!,310,120,190,59.83729679,0,0,0,0,1,2,2,1,9,0,0,0,119,0,3,0,0,29,15,0,3,2,1,2,0,0,1,0,0,0,0,0,0
1104,18:23,#REF!,310,120,190,59.83729679,0,0,0,0,1,2,2,1,9,0,0,0,119,0,3,0,0,29,15,0,3,2,1,2,0,0,1,0,0,0,0,0,0
1105,18:24,#REF!,310,120,190,59.83729679,0,0,0,0,1,2,2,1,9,0,0,0,119,0,3,0,0,29,15,0,3,2,1,2,0,0,1,0,0,0,0,0,0
1106,18:25,#REF!,310,120,190,59.83729679,0,0,0,0,1,2,2,1,9,0,0,0,119,0,3,0,0,29,15,0,3,2,1,2,0,0,1,0,0,0,0,0,0
1107,18:26,#REF!,310,120,190,59.83729679,0,0,0,0,1,2,2,1,9,0,0,0,119,0,3,0,0,29,15,0,3,2,1,2,0,0,1,0,0,0,0,0,0
1108,18:27,#REF!,310,120,190,59.83729679,0,0,0,0,1,2,2,1,9,0,0,0,119,0,3,0,0,29,15,0,3,2,1,2,0,0,1,0,0,0,0,0,0
1109,18:28,#REF!,310,120,190,59.83729679,0,0,0,0,1,2,2,1,9,0,0,0,119,0,3,0,0,29,15,0,3,2,1,2,0,0,1,0,0,0,0,0,0
1110,18:29,#REF!,310,120,190,59.83729679,0,0,0,0,1,2,2,1,9,0,0,0,119,0,3,0,0,29,15,0,3,2,1,2,0,0,1,0,0,0,0,0,0
1111,18:30,#REF!,310,120,190,59.83729679,0,0,0,0,1,2,2,1,9,0,0,0,119,0,3,0,0,29,15,0,3,2,1,2,0,0,1,0,0,0,0,0,0
1112,18:31,#REF!,310,120,190,59.83729679,0,0,0,0,1,2,2,1,9,0,0,0,119,0,3,0,0,29,15,0,3,2,1,2,0,0,1,0,0,0,0,0,0
1113,18:32,#REF!,310,120,190,59.83729679,0,0,0,0,1,2,2,1,9,0,0,0,119,0,3,0,0,29,15,0,3,2,1,2,0,0,1,0,0,0,0,0,0
1114,18:33,#REF!,310,120,190,59.83729679,0,0,0,0,1,2,2,1,9,0,0,0,119,0,3,0,0,29,15,0,3,2,1,2,0,0,1,0,0,0,0,0,0
1115,18:34,#REF!,310,120,190,59.83729679,0,0,0,0,1,2,2,1,9,0,0,0,119,0,3,0,0,29,15,0,3,2,1,2,0,0,1,0,0,0,0,0,0
1116,18:35,#REF!,310,120,190,59.83729679,0,0,0,0,1,2,2,1,9,0,0,0,119,0,3,0,0,29,15,0,3,2,1,2,0,0,1,0,0,0,0,0,0
1117,18:36,#REF!,310,120,190,59.83729679,0,0,0,0,1,2,2,1,9,0,0,0,119,0,3,0,0,29,15,0,3,2,1,2,0,0,1,0,0,0,0,0,0
1118,18:37,#REF!,310,120,190,59.83729679,0,0,0,0,1,2,2,1,9,0,0,0,119,0,3,0,0,29,15,0,3,2,1,2,0,0,1,0,0,0,0,0,0
1119,18:38,#REF!,310,120,190,59.83729679,0,0,0,0,1,2,2,1,9,0,0,0,119,0,3,0,0,29,15,0,3,2,1,2,0,0,1,0,0,0,0,0,0
1120,18:39,#REF!,310,120,190,59.83729679,0,0,0,0,1,2,2,1,9,0,0,0,119,0,3,0,0,29,15,0,3,2,1,2,0,0,1,0,0,0,0,0,0
1121,18:40,#REF!,310,120,190,59.83729679,0,0,0,0,1,2,2,1,9,0,0,0,119,0,3,0,0,29,15,0,3,2,1,2,0,0,1,0,0,0,0,0,0
1122,18:41,#REF!,310,120,190,59.83729679,0,0,0,0,1,2,2,1,9,0,0,0,119,0,3,0,0,29,15,0,3,2,1,2,0,0,1,0,0,0,0,0,0
1123,18:42,#REF!,310,120,190,59.83729679,0,0,0,0,1,2,2,1,9,0,0,0,119,0,3,0,0,29,15,0,3,2,1,2,0,0,1,0,0,0,0,0,0
1124,18:43,#REF!,310,120,190,59.83729679,0,0,0,0,1,2,2,1,9,0,0,0,119,0,3,0,0,29,15,0,3,2,1,2,0,0,1,0,0,0,0,0,0
1125,18:44,#REF!,310,120,190,59.83729679,0,0,0,0,1,2,2,1,9,0,0,0,119,0,3,0,0,29,15,0,3,2,1,2,0,0,1,0,0,0,0,0,0
1126,18:45,#REF!,310,120,190,59.83729679,0,0,0,0,1,2,2,1,9,0,0,0,119,0,3,0,0,29,15,0,3,2,1,2,0,0,1,0,0,0,0,0,0
1127,18:46,#REF!,250,60,190,59.83729679,0,0,0,0,1,2,2,1,9,0,0,0,119,0,3,0,0,29,15,0,3,2,1,2,0,0,1,0,0,0,0,0,0
1128,18:47,#REF!,2087,60,2027,59.83729679,0,0,0,0,1,2,2,1,9,0,0,0,119,0,3,0,0,29,15,0,3,2,1838,2,0,0,1,0,0,0,0,0,0
1129,18:48,#REF!,2027,0,2027,59.83729679,0,0,0,0,1,2,2,1,9,0,0,0,119,0,3,0,0,29,15,0,3,2,1838,2,0,0,1,0,0,0,0,0,0
1130,18:49,#REF!,2027,0,2027,59.83729679,0,0,0,0,1,2,2,1,9,0,0,0,119,0,3,0,0,29,15,0,3,2,1838,2,0,0,1,0,0,0,0,0,0
1131,18:50,#REF!,190,0,190,59.83729679,0,0,0,0,1,2,2,1,9,0,0,0,119,0,3,0,0,29,15,0,3,2,1,2,0,0,1,0,0,0,0,0,0
1132,18:51,#REF!,190,0,190,59.83729679,0,0,0,0,1,2,2,1,9,0,0,0,119,0,3,0,0,29,15,0,3,2,1,2,0,0,1,0,0,0,0,0,0
1133,18:52,#REF!,190,0,190,59.83729679,0,0,0,0,1,2,2,1,9,0,0,0,119,0,3,0,0,29,15,0,3,2,1,2,0,0,1,0,0,0,0,0,0
1134,18:53,#REF!,190,0,190,59.83729679,0,0,0,0,1,2,2,1,9,0,0,0,119,0,3,0,0,29,15,0,3,2,1,2,0,0,1,0,0,0,0,0,0
1135,18:54,#REF!,190,0,190,59.83729679,0,0,0,0,1,2,2,1,9,0,0,0,119,0,3,0,0,29,15,0,3,2,1,2,0,0,1,0,0,0,0,0,0
1136,18:55,#REF!,190,0,190,59.83729679,0,0,0,0,1,2,2,1,9,0,0,0,119,0,3,0,0,29,15,0,3,2,1,2,0,0,1,0,0,0,0,0,0
1137,18:56,#REF!,190,0,190,59.83729679,0,0,0,0,1,2,2,1,9,0,0,0,119,0,3,0,0,29,15,0,3,2,1,2,0,0,1,0,0,0,0,0,0
1138,18:57,#REF!,190,0,190,59.83729679,0,0,0,0,1,2,2,1,9,0,0,0,119,0,3,0,0,29,15,0,3,2,1,2,0,0,1,0,0,0,0,0,0
1139,18:58,#REF!,190,0,190,59.83729679,0,0,0,0,1,2,2,1,9,0,0,0,119,0,3,0,0,29,15,0,3,2,1,2,0,0,1,0,0,0,0,0,0
1140,18:59,#REF!,190,0,190,59.83729679,0,0,0,0,1,2,2,1,9,0,0,0,119,0,3,0,0,29,15,0,3,2,1,2,0,0,1,0,0,0,0,0,0
1141,19:00,#REF!,190,0,190,59.83729679,0,0,0,0,1,2,2,1,9,0,0,0,119,0,3,0,0,29,15,0,3,2,1,2,0,0,1,0,0,0,0,0,0
1142,19:01,#REF!,190,0,190,59.83729679,0,0,0,0,1,2,2,1,9,0,0,0,119,0,3,0,0,29,15,0,3,2,1,2,0,0,1,0,0,0,0,0,0
1143,19:02,#REF!,190,0,190,59.83729679,0,0,0,0,1,2,2,1,9,0,0,0,119,0,3,0,0,29,15,0,3,2,1,2,0,0,1,0,0,0,0,0,0
1144,19:03,#REF!,190,0,190,59.83729679,0,0,0,0,1,2,2,1,9,0,0,0,119,0,3,0,0,29,15,0,3,2,1,2,0,0,1,0,0,0,0,0,0
1145,19:04,#REF!,190,0,190,59.83729679,0,0,0,0,1,2,2,1,9,0,0,0,119,0,3,0,0,29,15,0,3,2,1,2,0,0,1,0,0,0,0,0,0
1146,19:05,#REF!,190,0,190,59.83729679,0,0,0,0,1,2,2,1,9,0,0,0,119,0,3,0,0,29,15,0,3,2,1,2,0,0,1,0,0,0,0,0,0
1147,19:06,#REF!,190,0,190,59.83729679,0,0,0,0,1,2,2,1,9,0,0,0,119,0,3,0,0,29,15,0,3,2,1,2,0,0,1,0,0,0,0,0,0
1148,19:07,#REF!,203,0,203,59.83729679,0,0,0,0,1,15,2,1,9,0,0,0,119,0,3,0,0,29,15,0,3,2,1,2,0,0,1,0,0,0,0,0,0
1149,19:08,#REF!,211,0,211,59.83729679,0,0,0,0,1,15,2,1,9,0,0,0,119,0,3,0,0,29,23,0,3,2,1,2,0,0,1,0,0,0,0,0,0
1150,19:09,#REF!,211,0,211,59.83729679,0,0,0,0,1,15,2,1,9,0,0,0,119,0,3,0,0,29,23,0,3,2,1,2,0,0,1,0,0,0,0,0,0
1151,19:10,#REF!,211,0,211,59.83729679,0,0,0,0,1,15,2,1,9,0,0,0,119,0,3,0,0,29,23,0,3,2,1,2,0,0,1,0,0,0,0,0,0
1152,19:11,#REF!,211,0,211,59.83729679,0,0,0,0,1,15,2,1,9,0,0,0,119,0,3,0,0,29,23,0,3,2,1,2,0,0,1,0,0,0,0,0,0
1153,19:12,#REF!,1225,0,1225,59.83729679,0,0,0,0,1,15,2,1,9,0,0,0,119,0,3,0,0,29,23,0,3,2,1,1016,0,0,1,0,0,0,0,0,0
1154,19:13,#REF!,1225,0,1225,59.83729679,0,0,0,0,1,15,2,1,9,0,0,0,119,0,3,0,0,29,23,0,3,2,1,1016,0,0,1,0,0,0,0,0,0
1155,19:14,#REF!,1225,0,1225,59.83729679,0,0,0,0,1,15,2,1,9,0,0,0,119,0,3,0,0,29,23,0,3,2,1,1016,0,0,1,0,0,0,0,0,0
1156,19:15,#REF!,2048,0,2048,59.83729679,0,0,0,0,1,15,2,1,9,0,0,0,119,0,3,0,0,29,23,0,3,2,1838,2,0,0,1,0,0,0,0,0,0
1157,19:16,#REF!,2048,0,2048,59.83729679,0,0,0,0,1,15,2,1,9,0,0,0,119,0,3,0,0,29,23,0,3,2,1838,2,0,0,1,0,0,0,0,0,0
1158,19:17,#REF!,2048,0,2048,59.83729679,0,0,0,0,1,15,2,1,9,0,0,0,119,0,3,0,0,29,23,0,3,2,1838,2,0,0,1,0,0,0,0,0,0
1159,19:18,#REF!,211,0,211,59.83729679,0,0,0,0,1,15,2,1,9,0,0,0,119,0,3,0,0,29,23,0,3,2,1,2,0,0,1,0,0,0,0,0,0
1160,19:19,#REF!,211,0,211,59.83729679,0,0,0,0,1,15,2,1,9,0,0,0,119,0,3,0,0,29,23,0,3,2,1,2,0,0,1,0,0,0,0,0,0
1161,19:20,#REF!,251,40,211,59.83729679,0,0,0,0,1,15,2,1,9,0,0,0,119,0,3,0,0,29,23,0,3,2,1,2,0,0,1,0,0,0,0,0,0
1162,19:21,#REF!,251,40,211,59.83729679,0,0,0,0,1,15,2,1,9,0,0,0,119,0,3,0,0,29,23,0,3,2,1,2,0,0,1,0,0,0,0,0,0
1163,19:22,#REF!,251,40,211,59.83729679,0,0,0,0,1,15,2,1,9,0,0,0,119,0,3,0,0,29,23,0,3,2,1,2,0,0,1,0,0,0,0,0,0
1164,19:23,#REF!,2088,40,2048,59.83729679,0,0,0,0,1,15,2,1,9,0,0,0,119,0,3,0,0,29,23,0,3,2,1838,2,0,0,1,0,0,0,0,0,0
1165,19:24,#REF!,2088,40,2048,59.83729679,0,0,0,0,1,15,2,1,9,0,0,0,119,0,3,0,0,29,23,0,3,2,1838,2,0,0,1,0,0,0,0,0,0
1166,19:25,#REF!,2088,40,2048,59.83729679,0,0,0,0,1,15,2,1,9,0,0,0,119,0,3,0,0,29,23,0,3,2,1838,2,0,0,1,0,0,0,0,0,0
1167,19:26,#REF!,251,40,211,59.83729679,0,0,0,0,1,15,2,1,9,0,0,0,119,0,3,0,0,29,23,0,3,2,1,2,0,0,1,0,0,0,0,0,0
1168,19:27,#REF!,251,40,211,59.83729679,0,0,0,0,1,15,2,1,9,0,0,0,119,0,3,0,0,29,23,0,3,2,1,2,0,0,1,0,0,0,0,0,0
1169,19:28,#REF!,251,40,211,59.83729679,0,0,0,0,1,15,2,1,9,0,0,0,119,0,3,0,0,29,23,0,3,2,1,2,0,0,1,0,0,0,0,0,0
1170,19:29,#REF!,224,40,184,59.83729679,0,0,0,0,1,15,2,1,9,0,0,0,119,0,3,0,0,2,23,0,3,2,1,2,0,0,1,0,0,0,0,0,0
1171,19:30,#REF!,224,40,184,59.83729679,0,0,0,0,1,15,2,1,9,0,0,0,119,0,3,0,0,2,23,0,3,2,1,2,0,0,1,0,0,0,0,0,0
1172,19:31,#REF!,224,40,184,59.83729679,0,0,0,0,1,15,2,1,9,0,0,0,119,0,3,0,0,2,23,0,3,2,1,2,0,0,1,0,0,0,0,0,0
1173,19:32,#REF!,224,40,184,59.83729679,0,0,0,0,1,15,2,1,9,0,0,0,119,0,3,0,0,2,23,0,3,2,1,2,0,0,1,0,0,0,0,0,0
1174,19:33,#REF!,224,40,184,59.83729679,0,0,0,0,1,15,2,1,9,0,0,0,119,0,3,0,0,2,23,0,3,2,1,2,0,0,1,0,0,0,0,0,0
1175,19:34,#REF!,224,40,184,59.83729679,0,0,0,0,1,15,2,1,9,0,0,0,119,0,3,0,0,2,23,0,3,2,1,2,0,0,1,0,0,0,0,0,0
1176,19:35,#REF!,224,40,184,59.83729679,0,0,0,0,1,15,2,1,9,0,0,0,119,0,3,0,0,2,23,0,3,2,1,2,0,0,1,0,0,0,0,0,0
1177,19:36,#REF!,224,40,184,59.83729679,0,0,0,0,1,15,2,1,9,0,0,0,119,0,3,0,0,2,23,0,3,2,1,2,0,0,1,0,0,0,0,0,0
1178,19:37,#REF!,224,40,184,59.83729679,0,0,0,0,1,15,2,1,9,0,0,0,119,0,3,0,0,2,23,0,3,2,1,2,0,0,1,0,0,0,0,0,0
1179,19:38,#REF!,244,60,184,59.83729679,0,0,0,0,1,15,2,1,9,0,0,0,119,0,3,0,0,2,23,0,3,2,1,2,0,0,1,0,0,0,0,0,0
1180,19:39,#REF!,224,40,184,59.83729679,0,0,0,0,1,15,2,1,9,0,0,0,119,0,3,0,0,2,23,0,3,2,1,2,0,0,1,0,0,0,0,0,0
1181,19:40,#REF!,224,40,184,59.83729679,0,0,0,0,1,15,2,1,9,0,0,0,119,0,3,0,0,2,23,0,3,2,1,2,0,0,1,0,0,0,0,0,0
1182,19:41,#REF!,251,40,211,59.83729679,0,0,0,0,1,15,2,1,9,0,0,0,119,0,3,0,0,29,23,0,3,2,1,2,0,0,1,0,0,0,0,0,0
1183,19:42,#REF!,611,400,211,59.83729679,0,0,0,0,1,15,2,1,9,0,0,0,119,0,3,0,0,29,23,0,3,2,1,2,0,0,1,0,0,0,0,0,0
1184,19:43,#REF!,671,460,211,59.83729679,0,0,0,0,1,15,2,1,9,0,0,0,119,0,3,0,0,29,23,0,3,2,1,2,0,0,1,0,0,0,0,0,0
1185,19:44,#REF!,811,600,211,59.83729679,0,0,0,0,1,15,2,1,9,0,0,0,119,0,3,0,0,29,23,0,3,2,1,2,0,0,1,0,0,0,0,0,0
1186,19:45,#REF!,871,660,211,59.83729679,0,0,0,0,1,15,2,1,9,0,0,0,119,0,3,0,0,29,23,0,3,2,1,2,0,0,1,0,0,0,0,0,0
1187,19:46,#REF!,871,660,211,59.83729679,0,0,0,0,1,15,2,1,9,0,0,0,119,0,3,0,0,29,23,0,3,2,1,2,0,0,1,0,0,0,0,0,0
1188,19:47,#REF!,771,560,211,59.83729679,0,0,0,0,1,15,2,1,9,0,0,0,119,0,3,0,0,29,23,0,3,2,1,2,0,0,1,0,0,0,0,0,0
1189,19:48,#REF!,771,560,211,59.83729679,0,0,0,0,1,15,2,1,9,0,0,0,119,0,3,0,0,29,23,0,3,2,1,2,0,0,1,0,0,0,0,0,0
1190,19:49,#REF!,771,560,211,59.83729679,0,0,0,0,1,15,2,1,9,0,0,0,119,0,3,0,0,29,23,0,3,2,1,2,0,0,1,0,0,0,0,0,0
1191,19:50,#REF!,731,520,211,59.83729679,0,0,0,0,1,15,2,1,9,0,0,0,119,0,3,0,0,29,23,0,3,2,1,2,0,0,1,0,0,0,0,0,0
1192,19:51,#REF!,831,620,211,59.83729679,0,0,0,0,1,15,2,1,9,0,0,0,119,0,3,0,0,29,23,0,3,2,1,2,0,0,1,0,0,0,0,0,0
1193,19:52,#REF!,811,600,211,59.83729679,0,0,0,0,1,15,2,1,9,0,0,0,119,0,3,0,0,29,23,0,3,2,1,2,0,0,1,0,0,0,0,0,0
1194,19:53,#REF!,711,500,211,59.83729679,0,0,0,0,1,15,2,1,9,0,0,0,119,0,3,0,0,29,23,0,3,2,1,2,0,0,1,0,0,0,0,0,0
1195,19:54,#REF!,811,600,211,59.83729679,0,0,0,0,1,15,2,1,9,0,0,0,119,0,3,0,0,29,23,0,3,2,1,2,0,0,1,0,0,0,0,0,0
1196,19:55,#REF!,771,560,211,59.83729679,0,0,0,0,1,15,2,1,9,0,0,0,119,0,3,0,0,29,23,0,3,2,1,2,0,0,1,0,0,0,0,0,0
1197,19:56,#REF!,771,560,211,59.83729679,0,0,0,0,1,15,2,1,9,0,0,0,119,0,3,0,0,29,23,0,3,2,1,2,0,0,1,0,0,0,0,0,0
1198,19:57,#REF!,771,560,211,59.83729679,0,0,0,0,1,15,2,1,9,0,0,0,119,0,3,0,0,29,23,0,3,2,1,2,0,0,1,0,0,0,0,0,0
1199,19:58,#REF!,771,560,211,59.83729679,0,0,0,0,1,15,2,1,9,0,0,0,119,0,3,0,0,29,23,0,3,2,1,2,0,0,1,0,0,0,0,0,0
1200,19:59,#REF!,971,760,211,59.83729679,0,0,0,0,1,15,2,1,9,0,0,0,119,0,3,0,0,29,23,0,3,2,1,2,0,0,1,0,0,0,0,0,0
1201,20:00,#REF!,991,780,211,59.83729679,0,0,0,0,1,15,2,1,9,0,0,0,119,0,3,0,0,29,23,0,3,2,1,2,0,0,1,0,0,0,0,0,0
1202,20:01,#REF!,991,780,211,59.83729679,0,0,0,0,1,15,2,1,9,0,0,0,119,0,3,0,0,29,23,0,3,2,1,2,0,0,1,0,0,0,0,0,0
1203,20:02,#REF!,1031,820,211,59.83729679,0,0,0,0,1,15,2,1,9,0,0,0,119,0,3,0,0,29,23,0,3,2,1,2,0,0,1,0,0,0,0,0,0
1204,20:03,#REF!,1031,820,211,59.83729679,0,0,0,0,1,15,2,1,9,0,0,0,119,0,3,0,0,29,23,0,3,2,1,2,0,0,1,0,0,0,0,0,0
1205,20:04,#REF!,1038,720,318,111.659762,0,0,0,0,1,15,2,1,9,0,0,0,119,0,110,0,0,29,23,0,3,2,1,2,0,0,1,0,0,0,0,0,0
1206,20:05,#REF!,1138,820,318,111.659762,0,0,0,0,1,15,2,1,9,0,0,0,119,0,110,0,0,29,23,0,3,2,1,2,0,0,1,0,0,0,0,0,0
1207,20:06,#REF!,1138,820,318,111.659762,0,0,0,0,1,15,2,1,9,0,0,0,119,0,110,0,0,29,23,0,3,2,1,2,0,0,1,0,0,0,0,0,0
1208,20:07,#REF!,1185,880,305,111.659762,0,0,0,0,1,2,2,1,9,0,0,0,119,0,110,0,0,29,23,0,3,2,1,2,0,0,1,0,0,0,0,0,0
1209,20:08,#REF!,1125,820,305,111.659762,0,0,0,0,1,2,2,1,9,0,0,0,119,0,110,0,0,29,23,0,3,2,1,2,0,0,1,0,0,0,0,0,0
1210,20:09,#REF!,1125,820,305,111.659762,0,0,0,0,1,2,2,1,9,0,0,0,119,0,110,0,0,29,23,0,3,2,1,2,0,0,1,0,0,0,0,0,0
1211,20:10,#REF!,1225,920,305,111.659762,0,0,0,0,1,2,2,1,9,0,0,0,119,0,110,0,0,29,23,0,3,2,1,2,0,0,1,0,0,0,0,0,0
1212,20:11,#REF!,1285,980,305,111.659762,0,0,0,0,1,2,2,1,9,0,0,0,119,0,110,0,0,29,23,0,3,2,1,2,0,0,1,0,0,0,0,0,0
1213,20:12,#REF!,1285,980,305,111.659762,0,0,0,0,1,2,2,1,9,0,0,0,119,0,110,0,0,29,23,0,3,2,1,2,0,0,1,0,0,0,0,0,0
1214,20:13,#REF!,1285,980,305,111.659762,0,0,0,0,1,2,2,1,9,0,0,0,119,0,110,0,0,29,23,0,3,2,1,2,0,0,1,0,0,0,0,0,0
1215,20:14,#REF!,1285,980,305,111.659762,0,0,0,0,1,2,2,1,9,0,0,0,119,0,110,0,0,29,23,0,3,2,1,2,0,0,1,0,0,0,0,0,0
1216,20:15,#REF!,1285,980,305,111.659762,0,0,0,0,1,2,2,1,9,0,0,0,119,0,110,0,0,29,23,0,3,2,1,2,0,0,1,0,0,0,0,0,0
1217,20:16,#REF!,2338,980,1358,111.659762,0,0,0,0,1,2,2,1,9,0,0,0,119,0,110,0,0,29,23,0,3,1055,1,2,0,0,1,0,0,0,0,0,0
1218,20:17,#REF!,2338,980,1358,111.659762,0,0,0,0,1,2,2,1,9,0,0,0,119,0,110,0,0,29,23,0,3,1055,1,2,0,0,1,0,0,0,0,0,0
1219,20:18,#REF!,2338,980,1358,111.659762,0,0,0,0,1,2,2,1,9,0,0,0,119,0,110,0,0,29,23,0,3,1055,1,2,0,0,1,0,0,0,0,0,0
1220,20:19,#REF!,2378,1020,1358,111.659762,0,0,0,0,1,2,2,1,9,0,0,0,119,0,110,0,0,29,23,0,3,1055,1,2,0,0,1,0,0,0,0,0,0
1221,20:20,#REF!,2378,1020,1358,111.659762,0,0,0,0,1,2,2,1,9,0,0,0,119,0,110,0,0,29,23,0,3,1055,1,2,0,0,1,0,0,0,0,0,0
1222,20:21,#REF!,2370,1020,1350,111.659762,0,0,0,0,1,2,2,1,9,0,0,0,119,0,110,0,0,29,15,0,3,1055,1,2,0,0,1,0,0,0,0,0,0
1223,20:22,#REF!,2370,1020,1350,111.659762,0,0,0,0,1,2,2,1,9,0,0,0,119,0,110,0,0,29,15,0,3,1055,1,2,0,0,1,0,0,0,0,0,0
1224,20:23,#REF!,2310,960,1350,111.659762,0,0,0,0,1,2,2,1,9,0,0,0,119,0,110,0,0,29,15,0,3,1055,1,2,0,0,1,0,0,0,0,0,0
1225,20:24,#REF!,2310,960,1350,111.659762,0,0,0,0,1,2,2,1,9,0,0,0,119,0,110,0,0,29,15,0,3,1055,1,2,0,0,1,0,0,0,0,0,0
1226,20:25,#REF!,2310,960,1350,111.659762,0,0,0,0,1,2,2,1,9,0,0,0,119,0,110,0,0,29,15,0,3,1055,1,2,0,0,1,0,0,0,0,0,0
1227,20:26,#REF!,2250,900,1350,111.659762,0,0,0,0,1,2,2,1,9,0,0,0,119,0,110,0,0,29,15,0,3,1055,1,2,0,0,1,0,0,0,0,0,0
1228,20:27,#REF!,2250,900,1350,111.659762,0,0,0,0,1,2,2,1,9,0,0,0,119,0,110,0,0,29,15,0,3,1055,1,2,0,0,1,0,0,0,0,0,0
1229,20:28,#REF!,2270,920,1350,111.659762,0,0,0,0,1,2,2,1,9,0,0,0,119,0,110,0,0,29,15,0,3,1055,1,2,0,0,1,0,0,0,0,0,0
1230,20:29,#REF!,2230,880,1350,111.659762,0,0,0,0,1,2,2,1,9,0,0,0,119,0,110,0,0,29,15,0,3,1055,1,2,0,0,1,0,0,0,0,0,0
1231,20:30,#REF!,1930,580,1350,111.659762,0,0,0,0,1,2,2,1,9,0,0,0,119,0,110,0,0,29,15,0,3,1055,1,2,0,0,1,0,0,0,0,0,0
1232,20:31,#REF!,1823,580,1243,59.83729679,0,0,0,0,1,2,2,1,9,0,0,0,119,0,3,0,0,29,15,0,3,1055,1,2,0,0,1,0,0,0,0,0,0
1233,20:32,#REF!,1823,580,1243,59.83729679,0,0,0,0,1,2,2,1,9,0,0,0,119,0,3,0,0,29,15,0,3,1055,1,2,0,0,1,0,0,0,0,0,0
1234,20:33,#REF!,1923,680,1243,59.83729679,0,0,0,0,1,2,2,1,9,0,0,0,119,0,3,0,0,29,15,0,3,1055,1,2,0,0,1,0,0,0,0,0,0
1235,20:34,#REF!,1923,680,1243,59.83729679,0,0,0,0,1,2,2,1,9,0,0,0,119,0,3,0,0,29,15,0,3,1055,1,2,0,0,1,0,0,0,0,0,0
1236,20:35,#REF!,1743,500,1243,59.83729679,0,0,0,0,1,2,2,1,9,0,0,0,119,0,3,0,0,29,15,0,3,1055,1,2,0,0,1,0,0,0,0,0,0
1237,20:36,#REF!,1743,500,1243,59.83729679,0,0,0,0,1,2,2,1,9,0,0,0,119,0,3,0,0,29,15,0,3,1055,1,2,0,0,1,0,0,0,0,0,0
1238,20:37,#REF!,1743,500,1243,59.83729679,0,0,0,0,1,2,2,1,9,0,0,0,119,0,3,0,0,29,15,0,3,1055,1,2,0,0,1,0,0,0,0,0,0
1239,20:38,#REF!,1743,500,1243,59.83729679,0,0,0,0,1,2,2,1,9,0,0,0,119,0,3,0,0,29,15,0,3,1055,1,2,0,0,1,0,0,0,0,0,0
1240,20:39,#REF!,1743,500,1243,59.83729679,0,0,0,0,1,2,2,1,9,0,0,0,119,0,3,0,0,29,15,0,3,1055,1,2,0,0,1,0,0,0,0,0,0
1241,20:40,#REF!,1743,500,1243,59.83729679,0,0,0,0,1,2,2,1,9,0,0,0,119,0,3,0,0,29,15,0,3,1055,1,2,0,0,1,0,0,0,0,0,0
1242,20:41,#REF!,1743,500,1243,59.83729679,0,0,0,0,1,2,2,1,9,0,0,0,119,0,3,0,0,29,15,0,3,1055,1,2,0,0,1,0,0,0,0,0,0
1243,20:42,#REF!,1743,500,1243,59.83729679,0,0,0,0,1,2,2,1,9,0,0,0,119,0,3,0,0,29,15,0,3,1055,1,2,0,0,1,0,0,0,0,0,0
1244,20:43,#REF!,1703,460,1243,59.83729679,0,0,0,0,1,2,2,1,9,0,0,0,119,0,3,0,0,29,15,0,3,1055,1,2,0,0,1,0,0,0,0,0,0
1245,20:44,#REF!,1703,460,1243,59.83729679,0,0,0,0,1,2,2,1,9,0,0,0,119,0,3,0,0,29,15,0,3,1055,1,2,0,0,1,0,0,0,0,0,0
1246,20:45,#REF!,1703,460,1243,59.83729679,0,0,0,0,1,2,2,1,9,0,0,0,119,0,3,0,0,29,15,0,3,1055,1,2,0,0,1,0,0,0,0,0,0
1247,20:46,#REF!,650,460,190,59.83729679,0,0,0,0,1,2,2,1,9,0,0,0,119,0,3,0,0,29,15,0,3,2,1,2,0,0,1,0,0,0,0,0,0
1248,20:47,#REF!,650,460,190,59.83729679,0,0,0,0,1,2,2,1,9,0,0,0,119,0,3,0,0,29,15,0,3,2,1,2,0,0,1,0,0,0,0,0,0
1249,20:48,#REF!,710,520,190,59.83729679,0,0,0,0,1,2,2,1,9,0,0,0,119,0,3,0,0,29,15,0,3,2,1,2,0,0,1,0,0,0,0,0,0
1250,20:49,#REF!,710,520,190,59.83729679,0,0,0,0,1,2,2,1,9,0,0,0,119,0,3,0,0,29,15,0,3,2,1,2,0,0,1,0,0,0,0,0,0
1251,20:50,#REF!,710,520,190,59.83729679,0,0,0,0,1,2,2,1,9,0,0,0,119,0,3,0,0,29,15,0,3,2,1,2,0,0,1,0,0,0,0,0,0
1252,20:51,#REF!,810,620,190,59.83729679,0,0,0,0,1,2,2,1,9,0,0,0,119,0,3,0,0,29,15,0,3,2,1,2,0,0,1,0,0,0,0,0,0
1253,20:52,#REF!,810,620,190,59.83729679,0,0,0,0,1,2,2,1,9,0,0,0,119,0,3,0,0,29,15,0,3,2,1,2,0,0,1,0,0,0,0,0,0
1254,20:53,#REF!,810,620,190,59.83729679,0,0,0,0,1,2,2,1,9,0,0,0,119,0,3,0,0,29,15,0,3,2,1,2,0,0,1,0,0,0,0,0,0
1255,20:54,#REF!,783,620,163,59.83729679,0,0,0,0,1,2,2,1,9,0,0,0,119,0,3,0,0,2,15,0,3,2,1,2,0,0,1,0,0,0,0,0,0
1256,20:55,#REF!,783,620,163,59.83729679,0,0,0,0,1,2,2,1,9,0,0,0,119,0,3,0,0,2,15,0,3,2,1,2,0,0,1,0,0,0,0,0,0
1257,20:56,#REF!,783,620,163,59.83729679,0,0,0,0,1,2,2,1,9,0,0,0,119,0,3,0,0,2,15,0,3,2,1,2,0,0,1,0,0,0,0,0,0
1258,20:57,#REF!,783,620,163,59.83729679,0,0,0,0,1,2,2,1,9,0,0,0,119,0,3,0,0,2,15,0,3,2,1,2,0,0,1,0,0,0,0,0,0
1259,20:58,#REF!,683,520,163,59.83729679,0,0,0,0,1,2,2,1,9,0,0,0,119,0,3,0,0,2,15,0,3,2,1,2,0,0,1,0,0,0,0,0,0
1260,20:59,#REF!,783,620,163,59.83729679,0,0,0,0,1,2,2,1,9,0,0,0,119,0,3,0,0,2,15,0,3,2,1,2,0,0,1,0,0,0,0,0,0
1261,21:00,#REF!,783,620,163,59.83729679,0,0,0,0,1,2,2,1,9,0,0,0,119,0,3,0,0,2,15,0,3,2,1,2,0,0,1,0,0,0,0,0,0
1262,21:01,#REF!,783,620,163,59.83729679,0,0,0,0,1,2,2,1,9,0,0,0,119,0,3,0,0,2,15,0,3,2,1,2,0,0,1,0,0,0,0,0,0
1263,21:02,#REF!,823,660,163,59.83729679,0,0,0,0,1,2,2,1,9,0,0,0,119,0,3,0,0,2,15,0,3,2,1,2,0,0,1,0,0,0,0,0,0
1264,21:03,#REF!,783,620,163,59.83729679,0,0,0,0,1,2,2,1,9,0,0,0,119,0,3,0,0,2,15,0,3,2,1,2,0,0,1,0,0,0,0,0,0
1265,21:04,#REF!,843,680,163,59.83729679,0,0,0,0,1,2,2,1,9,0,0,0,119,0,3,0,0,2,15,0,3,2,1,2,0,0,1,0,0,0,0,0,0
1266,21:05,#REF!,683,520,163,59.83729679,0,0,0,0,1,2,2,1,9,0,0,0,119,0,3,0,0,2,15,0,3,2,1,2,0,0,1,0,0,0,0,0,0
1267,21:06,#REF!,683,520,163,59.83729679,0,0,0,0,1,2,2,1,9,0,0,0,119,0,3,0,0,2,15,0,3,2,1,2,0,0,1,0,0,0,0,0,0
1268,21:07,#REF!,683,520,163,59.83729679,0,0,0,0,1,2,2,1,9,0,0,0,119,0,3,0,0,2,15,0,3,2,1,2,0,0,1,0,0,0,0,0,0
1269,21:08,#REF!,683,520,163,59.83729679,0,0,0,0,1,2,2,1,9,0,0,0,119,0,3,0,0,2,15,0,3,2,1,2,0,0,1,0,0,0,0,0,0
1270,21:09,#REF!,683,520,163,59.83729679,0,0,0,0,1,2,2,1,9,0,0,0,119,0,3,0,0,2,15,0,3,2,1,2,0,0,1,0,0,0,0,0,0
1271,21:10,#REF!,683,520,163,59.83729679,0,0,0,0,1,2,2,1,9,0,0,0,119,0,3,0,0,2,15,0,3,2,1,2,0,0,1,0,0,0,0,0,0
1272,21:11,#REF!,683,520,163,59.83729679,0,0,0,0,1,2,2,1,9,0,0,0,119,0,3,0,0,2,15,0,3,2,1,2,0,0,1,0,0,0,0,0,0
1273,21:12,#REF!,723,560,163,59.83729679,0,0,0,0,1,2,2,1,9,0,0,0,119,0,3,0,0,2,15,0,3,2,1,2,0,0,1,0,0,0,0,0,0
1274,21:13,#REF!,603,440,163,59.83729679,0,0,0,0,1,2,2,1,9,0,0,0,119,0,3,0,0,2,15,0,3,2,1,2,0,0,1,0,0,0,0,0,0
1275,21:14,#REF!,603,440,163,59.83729679,0,0,0,0,1,2,2,1,9,0,0,0,119,0,3,0,0,2,15,0,3,2,1,2,0,0,1,0,0,0,0,0,0
1276,21:15,#REF!,603,440,163,59.83729679,0,0,0,0,1,2,2,1,9,0,0,0,119,0,3,0,0,2,15,0,3,2,1,2,0,0,1,0,0,0,0,0,0
1277,21:16,#REF!,603,440,163,59.83729679,0,0,0,0,1,2,2,1,9,0,0,0,119,0,3,0,0,2,15,0,3,2,1,2,0,0,1,0,0,0,0,0,0
1278,21:17,#REF!,970,700,270,111.659762,0,0,0,0,1,2,2,1,9,0,0,0,119,0,110,0,0,2,15,0,3,2,1,2,0,0,1,0,0,0,0,0,0
1279,21:18,#REF!,970,700,270,111.659762,0,0,0,0,1,2,2,1,9,0,0,0,119,0,110,0,0,2,15,0,3,2,1,2,0,0,1,0,0,0,0,0,0
1280,21:19,#REF!,978,700,278,111.659762,0,0,0,0,1,2,2,1,9,0,0,0,119,0,110,0,0,2,23,0,3,2,1,2,0,0,1,0,0,0,0,0,0
1281,21:20,#REF!,978,700,278,111.659762,0,0,0,0,1,2,2,1,9,0,0,0,119,0,110,0,0,2,23,0,3,2,1,2,0,0,1,0,0,0,0,0,0
1282,21:21,#REF!,978,700,278,111.659762,0,0,0,0,1,2,2,1,9,0,0,0,119,0,110,0,0,2,23,0,3,2,1,2,0,0,1,0,0,0,0,0,0
1283,21:22,#REF!,978,700,278,111.659762,0,0,0,0,1,2,2,1,9,0,0,0,119,0,110,0,0,2,23,0,3,2,1,2,0,0,1,0,0,0,0,0,0
1284,21:23,#REF!,1038,760,278,111.659762,0,0,0,0,1,2,2,1,9,0,0,0,119,0,110,0,0,2,23,0,3,2,1,2,0,0,1,0,0,0,0,0,0
1285,21:24,#REF!,1038,760,278,111.659762,0,0,0,0,1,2,2,1,9,0,0,0,119,0,110,0,0,2,23,0,3,2,1,2,0,0,1,0,0,0,0,0,0
1286,21:25,#REF!,1038,760,278,111.659762,0,0,0,0,1,2,2,1,9,0,0,0,119,0,110,0,0,2,23,0,3,2,1,2,0,0,1,0,0,0,0,0,0
1287,21:26,#REF!,2728,720,2008,59.83729679,0,0,0,0,1,2,2,1,9,0,0,0,119,0,3,0,0,2,23,0,3,2,1838,2,0,0,1,0,0,0,0,0,0
1288,21:27,#REF!,2728,720,2008,59.83729679,0,0,0,0,1,2,2,1,9,0,0,0,119,0,3,0,0,2,23,0,3,2,1838,2,0,0,1,0,0,0,0,0,0
1289,21:28,#REF!,2728,720,2008,59.83729679,0,0,0,0,1,2,2,1,9,0,0,0,119,0,3,0,0,2,23,0,3,2,1838,2,0,0,1,0,0,0,0,0,0
1290,21:29,#REF!,991,820,171,59.83729679,0,0,0,0,1,2,2,1,9,0,0,0,119,0,3,0,0,2,23,0,3,2,1,2,0,0,1,0,0,0,0,0,0
1291,21:30,#REF!,931,760,171,59.83729679,0,0,0,0,1,2,2,1,9,0,0,0,119,0,3,0,0,2,23,0,3,2,1,2,0,0,1,0,0,0,0,0,0
1292,21:31,#REF!,931,760,171,59.83729679,0,0,0,0,1,2,2,1,9,0,0,0,119,0,3,0,0,2,23,0,3,2,1,2,0,0,1,0,0,0,0,0,0
1293,21:32,#REF!,931,760,171,59.83729679,0,0,0,0,1,2,2,1,9,0,0,0,119,0,3,0,0,2,23,0,3,2,1,2,0,0,1,0,0,0,0,0,0
1294,21:33,#REF!,931,760,171,59.83729679,0,0,0,0,1,2,2,1,9,0,0,0,119,0,3,0,0,2,23,0,3,2,1,2,0,0,1,0,0,0,0,0,0
1295,21:34,#REF!,9726,760,8966,59.83729679,0,0,0,0,1,2,2,1,9,0,0,0,119,0,3,0,0,2,23,0,3,2,1,2,0,0,1,0,0,0,8795,0,0
1296,21:35,#REF!,9726,760,8966,59.83729679,0,0,0,0,1,2,2,1,9,0,0,0,119,0,3,0,0,2,23,0,3,2,1,2,0,0,1,0,0,0,8795,0,0
1297,21:36,#REF!,9726,760,8966,59.83729679,0,0,0,0,1,2,2,1,9,0,0,0,119,0,3,0,0,2,23,0,3,2,1,2,0,0,1,0,0,0,8795,0,0
1298,21:37,#REF!,931,760,171,59.83729679,0,0,0,0,1,2,2,1,9,0,0,0,119,0,3,0,0,2,23,0,3,2,1,2,0,0,1,0,0,0,0,0,0
1299,21:38,#REF!,931,760,171,59.83729679,0,0,0,0,1,2,2,1,9,0,0,0,119,0,3,0,0,2,23,0,3,2,1,2,0,0,1,0,0,0,0,0,0
1300,21:39,#REF!,931,760,171,59.83729679,0,0,0,0,1,2,2,1,9,0,0,0,119,0,3,0,0,2,23,0,3,2,1,2,0,0,1,0,0,0,0,0,0
1301,21:40,#REF!,991,820,171,59.83729679,0,0,0,0,1,2,2,1,9,0,0,0,119,0,3,0,0,2,23,0,3,2,1,2,0,0,1,0,0,0,0,0,0
1302,21:41,#REF!,931,760,171,59.83729679,0,0,0,0,1,2,2,1,9,0,0,0,119,0,3,0,0,2,23,0,3,2,1,2,0,0,1,0,0,0,0,0,0
1303,21:42,#REF!,931,760,171,59.83729679,0,0,0,0,1,2,2,1,9,0,0,0,119,0,3,0,0,2,23,0,3,2,1,2,0,0,1,0,0,0,0,0,0
1304,21:43,#REF!,931,760,171,59.83729679,0,0,0,0,1,2,2,1,9,0,0,0,119,0,3,0,0,2,23,0,3,2,1,2,0,0,1,0,0,0,0,0,0
1305,21:44,#REF!,931,760,171,59.83729679,0,0,0,0,1,2,2,1,9,0,0,0,119,0,3,0,0,2,23,0,3,2,1,2,0,0,1,0,0,0,0,0,0
1306,21:45,#REF!,971,800,171,59.83729679,0,0,0,0,1,2,2,1,9,0,0,0,119,0,3,0,0,2,23,0,3,2,1,2,0,0,1,0,0,0,0,0,0
1307,21:46,#REF!,1031,860,171,59.83729679,0,0,0,0,1,2,2,1,9,0,0,0,119,0,3,0,0,2,23,0,3,2,1,2,0,0,1,0,0,0,0,0,0
1308,21:47,#REF!,1031,860,171,59.83729679,0,0,0,0,1,2,2,1,9,0,0,0,119,0,3,0,0,2,23,0,3,2,1,2,0,0,1,0,0,0,0,0,0
1309,21:48,#REF!,1031,860,171,59.83729679,0,0,0,0,1,2,2,1,9,0,0,0,119,0,3,0,0,2,23,0,3,2,1,2,0,0,1,0,0,0,0,0,0
1310,21:49,#REF!,1031,860,171,59.83729679,0,0,0,0,1,2,2,1,9,0,0,0,119,0,3,0,0,2,23,0,3,2,1,2,0,0,1,0,0,0,0,0,0
1311,21:50,#REF!,1058,860,198,59.83729679,0,0,0,0,1,2,2,1,9,0,0,0,119,0,3,0,0,29,23,0,3,2,1,2,0,0,1,0,0,0,0,0,0
1312,21:51,#REF!,1058,860,198,59.83729679,0,0,0,0,1,2,2,1,9,0,0,0,119,0,3,0,0,29,23,0,3,2,1,2,0,0,1,0,0,0,0,0,0
1313,21:52,#REF!,944,860,84,4.624576839,0,0,0,0,1,2,2,1,9,0,0,0,5,0,3,0,0,29,23,0,3,2,1,2,0,0,1,0,0,0,0,0,0
1314,21:53,#REF!,904,820,84,4.624576839,0,0,0,0,1,2,2,1,9,0,0,0,5,0,3,0,0,29,23,0,3,2,1,2,0,0,1,0,0,0,0,0,0
1315,21:54,#REF!,904,820,84,4.624576839,0,0,0,0,1,2,2,1,9,0,0,0,5,0,3,0,0,29,23,0,3,2,1,2,0,0,1,0,0,0,0,0,0
1316,21:55,#REF!,904,820,84,4.624576839,0,0,0,0,1,2,2,1,9,0,0,0,5,0,3,0,0,29,23,0,3,2,1,2,0,0,1,0,0,0,0,0,0
1317,21:56,#REF!,904,820,84,4.624576839,0,0,0,0,1,2,2,1,9,0,0,0,5,0,3,0,0,29,23,0,3,2,1,2,0,0,1,0,0,0,0,0,0
1318,21:57,#REF!,904,820,84,4.624576839,0,0,0,0,1,2,2,1,9,0,0,0,5,0,3,0,0,29,23,0,3,2,1,2,0,0,1,0,0,0,0,0,0
1319,21:58,#REF!,964,880,84,4.624576839,0,0,0,0,1,2,2,1,9,0,0,0,5,0,3,0,0,29,23,0,3,2,1,2,0,0,1,0,0,0,0,0,0
1320,21:59,#REF!,964,880,84,4.624576839,0,0,0,0,1,2,2,1,9,0,0,0,5,0,3,0,0,29,23,0,3,2,1,2,0,0,1,0,0,0,0,0,0
1321,22:00,#REF!,964,880,84,4.624576839,0,0,0,0,1,2,2,1,9,0,0,0,5,0,3,0,0,29,23,0,3,2,1,2,0,0,1,0,0,0,0,0,0
1322,22:01,#REF!,964,880,84,4.624576839,0,0,0,0,1,2,2,1,9,0,0,0,5,0,3,0,0,29,23,0,3,2,1,2,0,0,1,0,0,0,0,0,0
1323,22:02,#REF!,964,880,84,4.624576839,0,0,0,0,1,2,2,1,9,0,0,0,5,0,3,0,0,29,23,0,3,2,1,2,0,0,1,0,0,0,0,0,0
1324,22:03,#REF!,964,880,84,4.624576839,0,0,0,0,1,2,2,1,9,0,0,0,5,0,3,0,0,29,23,0,3,2,1,2,0,0,1,0,0,0,0,0,0
1325,22:04,#REF!,964,880,84,4.624576839,0,0,0,0,1,2,2,1,9,0,0,0,5,0,3,0,0,29,23,0,3,2,1,2,0,0,1,0,0,0,0,0,0
1326,22:05,#REF!,1024,940,84,4.624576839,0,0,0,0,1,2,2,1,9,0,0,0,5,0,3,0,0,29,23,0,3,2,1,2,0,0,1,0,0,0,0,0,0
1327,22:06,#REF!,1024,940,84,4.624576839,0,0,0,0,1,2,2,1,9,0,0,0,5,0,3,0,0,29,23,0,3,2,1,2,0,0,1,0,0,0,0,0,0
1328,22:07,#REF!,1024,940,84,4.624576839,0,0,0,0,1,2,2,1,9,0,0,0,5,0,3,0,0,29,23,0,3,2,1,2,0,0,1,0,0,0,0,0,0
1329,22:08,#REF!,1024,940,84,4.624576839,0,0,0,0,1,2,2,1,9,0,0,0,5,0,3,0,0,29,23,0,3,2,1,2,0,0,1,0,0,0,0,0,0
1330,22:09,#REF!,1024,940,84,4.624576839,0,0,0,0,1,2,2,1,9,0,0,0,5,0,3,0,0,29,23,0,3,2,1,2,0,0,1,0,0,0,0,0,0
1331,22:10,#REF!,1024,940,84,4.624576839,0,0,0,0,1,2,2,1,9,0,0,0,5,0,3,0,0,29,23,0,3,2,1,2,0,0,1,0,0,0,0,0,0
1332,22:11,#REF!,964,880,84,4.624576839,0,0,0,0,1,2,2,1,9,0,0,0,5,0,3,0,0,29,23,0,3,2,1,2,0,0,1,0,0,0,0,0,0
1333,22:12,#REF!,964,880,84,4.624576839,0,0,0,0,1,2,2,1,9,0,0,0,5,0,3,0,0,29,23,0,3,2,1,2,0,0,1,0,0,0,0,0,0
1334,22:13,#REF!,964,880,84,4.624576839,0,0,0,0,1,2,2,1,9,0,0,0,5,0,3,0,0,29,23,0,3,2,1,2,0,0,1,0,0,0,0,0,0
1335,22:14,#REF!,964,880,84,4.624576839,0,0,0,0,1,2,2,1,9,0,0,0,5,0,3,0,0,29,23,0,3,2,1,2,0,0,1,0,0,0,0,0,0
1336,22:15,#REF!,964,880,84,4.624576839,0,0,0,0,1,2,2,1,9,0,0,0,5,0,3,0,0,29,23,0,3,2,1,2,0,0,1,0,0,0,0,0,0
1337,22:16,#REF!,964,880,84,4.624576839,0,0,0,0,1,2,2,1,9,0,0,0,5,0,3,0,0,29,23,0,3,2,1,2,0,0,1,0,0,0,0,0,0
1338,22:17,#REF!,964,880,84,4.624576839,0,0,0,0,1,2,2,1,9,0,0,0,5,0,3,0,0,29,23,0,3,2,1,2,0,0,1,0,0,0,0,0,0
1339,22:18,#REF!,964,880,84,4.624576839,0,0,0,0,1,2,2,1,9,0,0,0,5,0,3,0,0,29,23,0,3,2,1,2,0,0,1,0,0,0,0,0,0
1340,22:19,#REF!,964,880,84,4.624576839,0,0,0,0,1,2,2,1,9,0,0,0,5,0,3,0,0,29,23,0,3,2,1,2,0,0,1,0,0,0,0,0,0
1341,22:20,#REF!,964,880,84,4.624576839,0,0,0,0,1,2,2,1,9,0,0,0,5,0,3,0,0,29,23,0,3,2,1,2,0,0,1,0,0,0,0,0,0
1342,22:21,#REF!,976,892,84,4.624576839,0,0,0,0,1,2,2,1,9,0,0,0,5,0,3,0,0,29,23,0,3,2,1,2,0,0,1,0,0,0,0,0,0
1343,22:22,#REF!,976,892,84,4.624576839,0,0,0,0,1,2,2,1,9,0,0,0,5,0,3,0,0,29,23,0,3,2,1,2,0,0,1,0,0,0,0,0,0
1344,22:23,#REF!,976,892,84,4.624576839,0,0,0,0,1,2,2,1,9,0,0,0,5,0,3,0,0,29,23,0,3,2,1,2,0,0,1,0,0,0,0,0,0
1345,22:24,#REF!,916,832,84,4.624576839,0,0,0,0,1,2,2,1,9,0,0,0,5,0,3,0,0,29,23,0,3,2,1,2,0,0,1,0,0,0,0,0,0
1346,22:25,#REF!,916,832,84,4.624576839,0,0,0,0,1,2,2,1,9,0,0,0,5,0,3,0,0,29,23,0,3,2,1,2,0,0,1,0,0,0,0,0,0
1347,22:26,#REF!,876,792,84,4.624576839,0,0,0,0,1,2,2,1,9,0,0,0,5,0,3,0,0,29,23,0,3,2,1,2,0,0,1,0,0,0,0,0,0
1348,22:27,#REF!,876,792,84,4.624576839,0,0,0,0,1,2,2,1,9,0,0,0,5,0,3,0,0,29,23,0,3,2,1,2,0,0,1,0,0,0,0,0,0
1349,22:28,#REF!,876,792,84,4.624576839,0,0,0,0,1,2,2,1,9,0,0,0,5,0,3,0,0,29,23,0,3,2,1,2,0,0,1,0,0,0,0,0,0
1350,22:29,#REF!,864,780,84,4.624576839,0,0,0,0,1,2,2,1,9,0,0,0,5,0,3,0,0,29,23,0,3,2,1,2,0,0,1,0,0,0,0,0,0
1351,22:30,#REF!,864,780,84,4.624576839,0,0,0,0,1,2,2,1,9,0,0,0,5,0,3,0,0,29,23,0,3,2,1,2,0,0,1,0,0,0,0,0,0
1352,22:31,#REF!,864,780,84,4.624576839,0,0,0,0,1,2,2,1,9,0,0,0,5,0,3,0,0,29,23,0,3,2,1,2,0,0,1,0,0,0,0,0,0
1353,22:32,#REF!,896,820,76,4.624576839,0,0,0,0,1,2,2,1,9,0,0,0,5,0,3,0,0,29,15,0,3,2,1,2,0,0,1,0,0,0,0,0,0
1354,22:33,#REF!,896,820,76,4.624576839,0,0,0,0,1,2,2,1,9,0,0,0,5,0,3,0,0,29,15,0,3,2,1,2,0,0,1,0,0,0,0,0,0
1355,22:34,#REF!,896,820,76,4.624576839,0,0,0,0,1,2,2,1,9,0,0,0,5,0,3,0,0,29,15,0,3,2,1,2,0,0,1,0,0,0,0,0,0
1356,22:35,#REF!,856,780,76,4.624576839,0,0,0,0,1,2,2,1,9,0,0,0,5,0,3,0,0,29,15,0,3,2,1,2,0,0,1,0,0,0,0,0,0
1357,22:36,#REF!,856,780,76,4.624576839,0,0,0,0,1,2,2,1,9,0,0,0,5,0,3,0,0,29,15,0,3,2,1,2,0,0,1,0,0,0,0,0,0
1358,22:37,#REF!,856,780,76,4.624576839,0,0,0,0,1,2,2,1,9,0,0,0,5,0,3,0,0,29,15,0,3,2,1,2,0,0,1,0,0,0,0,0,0
1359,22:38,#REF!,856,780,76,4.624576839,0,0,0,0,1,2,2,1,9,0,0,0,5,0,3,0,0,29,15,0,3,2,1,2,0,0,1,0,0,0,0,0,0
1360,22:39,#REF!,903,720,183,56.44704206,0,0,0,0,1,2,2,1,9,0,0,0,5,0,110,0,0,29,15,0,3,2,1,2,0,0,1,0,0,0,0,0,0
1361,22:40,#REF!,903,720,183,56.44704206,0,0,0,0,1,2,2,1,9,0,0,0,5,0,110,0,0,29,15,0,3,2,1,2,0,0,1,0,0,0,0,0,0
1362,22:41,#REF!,903,720,183,56.44704206,0,0,0,0,1,2,2,1,9,0,0,0,5,0,110,0,0,29,15,0,3,2,1,2,0,0,1,0,0,0,0,0,0
1363,22:42,#REF!,903,720,183,56.44704206,0,0,0,0,1,2,2,1,9,0,0,0,5,0,110,0,0,29,15,0,3,2,1,2,0,0,1,0,0,0,0,0,0
1364,22:43,#REF!,796,720,76,4.624576839,0,0,0,0,1,2,2,1,9,0,0,0,5,0,3,0,0,29,15,0,3,2,1,2,0,0,1,0,0,0,0,0,0
1365,22:44,#REF!,736,660,76,4.624576839,0,0,0,0,1,2,2,1,9,0,0,0,5,0,3,0,0,29,15,0,3,2,1,2,0,0,1,0,0,0,0,0,0
1366,22:45,#REF!,796,720,76,4.624576839,0,0,0,0,1,2,2,1,9,0,0,0,5,0,3,0,0,29,15,0,3,2,1,2,0,0,1,0,0,0,0,0,0
1367,22:46,#REF!,796,720,76,4.624576839,0,0,0,0,1,2,2,1,9,0,0,0,5,0,3,0,0,29,15,0,3,2,1,2,0,0,1,0,0,0,0,0,0
1368,22:47,#REF!,796,720,76,4.624576839,0,0,0,0,1,2,2,1,9,0,0,0,5,0,3,0,0,29,15,0,3,2,1,2,0,0,1,0,0,0,0,0,0
1369,22:48,#REF!,796,720,76,4.624576839,0,0,0,0,1,2,2,1,9,0,0,0,5,0,3,0,0,29,15,0,3,2,1,2,0,0,1,0,0,0,0,0,0
1370,22:49,#REF!,796,720,76,4.624576839,0,0,0,0,1,2,2,1,9,0,0,0,5,0,3,0,0,29,15,0,3,2,1,2,0,0,1,0,0,0,0,0,0
1371,22:50,#REF!,796,720,76,4.624576839,0,0,0,0,1,2,2,1,9,0,0,0,5,0,3,0,0,29,15,0,3,2,1,2,0,0,1,0,0,0,0,0,0
1372,22:51,#REF!,796,720,76,4.624576839,0,0,0,0,1,2,2,1,9,0,0,0,5,0,3,0,0,29,15,0,3,2,1,2,0,0,1,0,0,0,0,0,0
1373,22:52,#REF!,796,720,76,4.624576839,0,0,0,0,1,2,2,1,9,0,0,0,5,0,3,0,0,29,15,0,3,2,1,2,0,0,1,0,0,0,0,0,0
1374,22:53,#REF!,796,720,76,4.624576839,0,0,0,0,1,2,2,1,9,0,0,0,5,0,3,0,0,29,15,0,3,2,1,2,0,0,1,0,0,0,0,0,0
1375,22:54,#REF!,796,720,76,4.624576839,0,0,0,0,1,2,2,1,9,0,0,0,5,0,3,0,0,29,15,0,3,2,1,2,0,0,1,0,0,0,0,0,0
1376,22:55,#REF!,864,780,84,4.624576839,0,0,0,0,1,2,2,1,9,0,0,0,5,0,3,0,0,29,23,0,3,2,1,2,0,0,1,0,0,0,0,0,0
1377,22:56,#REF!,984,900,84,4.624576839,0,0,0,0,1,2,2,1,9,0,0,0,5,0,3,0,0,29,23,0,3,2,1,2,0,0,1,0,0,0,0,0,0
1378,22:57,#REF!,984,900,84,4.624576839,0,0,0,0,1,2,2,1,9,0,0,0,5,0,3,0,0,29,23,0,3,2,1,2,0,0,1,0,0,0,0,0,0
1379,22:58,#REF!,924,840,84,4.624576839,0,0,0,0,1,2,2,1,9,0,0,0,5,0,3,0,0,29,23,0,3,2,1,2,0,0,1,0,0,0,0,0,0
1380,22:59,#REF!,884,800,84,4.624576839,0,0,0,0,1,2,2,1,9,0,0,0,5,0,3,0,0,29,23,0,3,2,1,2,0,0,1,0,0,0,0,0,0
1381,23:00,#REF!,824,740,84,4.624576839,0,0,0,0,1,2,2,1,9,0,0,0,5,0,3,0,0,29,23,0,3,2,1,2,0,0,1,0,0,0,0,0,0
1382,23:01,#REF!,824,740,84,4.624576839,0,0,0,0,1,2,2,1,9,0,0,0,5,0,3,0,0,29,23,0,3,2,1,2,0,0,1,0,0,0,0,0,0
1383,23:02,#REF!,844,760,84,4.624576839,0,0,0,0,1,2,2,1,9,0,0,0,5,0,3,0,0,29,23,0,3,2,1,2,0,0,1,0,0,0,0,0,0
1384,23:03,#REF!,817,760,57,4.624576839,0,0,0,0,1,2,2,1,9,0,0,0,5,0,3,0,0,2,23,0,3,2,1,2,0,0,1,0,0,0,0,0,0
1385,23:04,#REF!,817,760,57,4.624576839,0,0,0,0,1,2,2,1,9,0,0,0,5,0,3,0,0,2,23,0,3,2,1,2,0,0,1,0,0,0,0,0,0
1386,23:05,#REF!,817,760,57,4.624576839,0,0,0,0,1,2,2,1,9,0,0,0,5,0,3,0,0,2,23,0,3,2,1,2,0,0,1,0,0,0,0,0,0
1387,23:06,#REF!,797,740,57,4.624576839,0,0,0,0,1,2,2,1,9,0,0,0,5,0,3,0,0,2,23,0,3,2,1,2,0,0,1,0,0,0,0,0,0
1388,23:07,#REF!,797,740,57,4.624576839,0,0,0,0,1,2,2,1,9,0,0,0,5,0,3,0,0,2,23,0,3,2,1,2,0,0,1,0,0,0,0,0,0
1389,23:08,#REF!,797,740,57,4.624576839,0,0,0,0,1,2,2,1,9,0,0,0,5,0,3,0,0,2,23,0,3,2,1,2,0,0,1,0,0,0,0,0,0
1390,23:09,#REF!,797,740,57,4.624576839,0,0,0,0,1,2,2,1,9,0,0,0,5,0,3,0,0,2,23,0,3,2,1,2,0,0,1,0,0,0,0,0,0
1391,23:10,#REF!,2334,440,1894,4.624576839,0,0,0,0,1,2,2,1,9,0,0,0,5,0,3,0,0,2,23,0,3,2,1838,2,0,0,1,0,0,0,0,0,0
1392,23:11,#REF!,2334,440,1894,4.624576839,0,0,0,0,1,2,2,1,9,0,0,0,5,0,3,0,0,2,23,0,3,2,1838,2,0,0,1,0,0,0,0,0,0
1393,23:12,#REF!,2334,440,1894,4.624576839,0,0,0,0,1,2,2,1,9,0,0,0,5,0,3,0,0,2,23,0,3,2,1838,2,0,0,1,0,0,0,0,0,0
1394,23:13,#REF!,497,440,57,4.624576839,0,0,0,0,1,2,2,1,9,0,0,0,5,0,3,0,0,2,23,0,3,2,1,2,0,0,1,0,0,0,0,0,0
1395,23:14,#REF!,497,440,57,4.624576839,0,0,0,0,1,2,2,1,9,0,0,0,5,0,3,0,0,2,23,0,3,2,1,2,0,0,1,0,0,0,0,0,0
1396,23:15,#REF!,597,540,57,4.624576839,0,0,0,0,1,2,2,1,9,0,0,0,5,0,3,0,0,2,23,0,3,2,1,2,0,0,1,0,0,0,0,0,0
1397,23:16,#REF!,624,540,84,4.624576839,0,0,0,0,1,2,2,1,9,0,0,0,5,0,3,0,0,29,23,0,3,2,1,2,0,0,1,0,0,0,0,0,0
1398,23:17,#REF!,624,540,84,4.624576839,0,0,0,0,1,2,2,1,9,0,0,0,5,0,3,0,0,29,23,0,3,2,1,2,0,0,1,0,0,0,0,0,0
1399,23:18,#REF!,624,540,84,4.624576839,0,0,0,0,1,2,2,1,9,0,0,0,5,0,3,0,0,29,23,0,3,2,1,2,0,0,1,0,0,0,0,0,0
1400,23:19,#REF!,624,540,84,4.624576839,0,0,0,0,1,2,2,1,9,0,0,0,5,0,3,0,0,29,23,0,3,2,1,2,0,0,1,0,0,0,0,0,0
1401,23:20,#REF!,624,540,84,4.624576839,0,0,0,0,1,2,2,1,9,0,0,0,5,0,3,0,0,29,23,0,3,2,1,2,0,0,1,0,0,0,0,0,0
1402,23:21,#REF!,564,480,84,4.624576839,0,0,0,0,1,2,2,1,9,0,0,0,5,0,3,0,0,29,23,0,3,2,1,2,0,0,1,0,0,0,0,0,0
1403,23:22,#REF!,564,480,84,4.624576839,0,0,0,0,1,2,2,1,9,0,0,0,5,0,3,0,0,29,23,0,3,2,1,2,0,0,1,0,0,0,0,0,0
1404,23:23,#REF!,664,580,84,4.624576839,0,0,0,0,1,2,2,1,9,0,0,0,5,0,3,0,0,29,23,0,3,2,1,2,0,0,1,0,0,0,0,0,0
1405,23:24,#REF!,604,520,84,4.624576839,0,0,0,0,1,2,2,1,9,0,0,0,5,0,3,0,0,29,23,0,3,2,1,2,0,0,1,0,0,0,0,0,0
1406,23:25,#REF!,664,580,84,4.624576839,0,0,0,0,1,2,2,1,9,0,0,0,5,0,3,0,0,29,23,0,3,2,1,2,0,0,1,0,0,0,0,0,0
1407,23:26,#REF!,604,520,84,4.624576839,0,0,0,0,1,2,2,1,9,0,0,0,5,0,3,0,0,29,23,0,3,2,1,2,0,0,1,0,0,0,0,0,0
1408,23:27,#REF!,604,520,84,4.624576839,0,0,0,0,1,2,2,1,9,0,0,0,5,0,3,0,0,29,23,0,3,2,1,2,0,0,1,0,0,0,0,0,0
1409,23:28,#REF!,604,520,84,4.624576839,0,0,0,0,1,2,2,1,9,0,0,0,5,0,3,0,0,29,23,0,3,2,1,2,0,0,1,0,0,0,0,0,0
1410,23:29,#REF!,604,520,84,4.624576839,0,0,0,0,1,2,2,1,9,0,0,0,5,0,3,0,0,29,23,0,3,2,1,2,0,0,1,0,0,0,0,0,0
1411,23:30,#REF!,504,420,84,4.624576839,0,0,0,0,1,2,2,1,9,0,0,0,5,0,3,0,0,29,23,0,3,2,1,2,0,0,1,0,0,0,0,0,0
1412,23:31,#REF!,564,480,84,4.624576839,0,0,0,0,1,2,2,1,9,0,0,0,5,0,3,0,0,29,23,0,3,2,1,2,0,0,1,0,0,0,0,0,0
1413,23:32,#REF!,624,540,84,4.624576839,0,0,0,0,1,2,2,1,9,0,0,0,5,0,3,0,0,29,23,0,3,2,1,2,0,0,1,0,0,0,0,0,0
1414,23:33,#REF!,624,540,84,4.624576839,0,0,0,0,1,2,2,1,9,0,0,0,5,0,3,0,0,29,23,0,3,2,1,2,0,0,1,0,0,0,0,0,0
1415,23:34,#REF!,624,540,84,4.624576839,0,0,0,0,1,2,2,1,9,0,0,0,5,0,3,0,0,29,23,0,3,2,1,2,0,0,1,0,0,0,0,0,0
1416,23:35,#REF!,991,800,191,56.44704206,0,0,0,0,1,2,2,1,9,0,0,0,5,0,110,0,0,29,23,0,3,2,1,2,0,0,1,0,0,0,0,0,0
1417,23:36,#REF!,991,800,191,56.44704206,0,0,0,0,1,2,2,1,9,0,0,0,5,0,110,0,0,29,23,0,3,2,1,2,0,0,1,0,0,0,0,0,0
1418,23:37,#REF!,1031,840,191,56.44704206,0,0,0,0,1,2,2,1,9,0,0,0,5,0,110,0,0,29,23,0,3,2,1,2,0,0,1,0,0,0,0,0,0
1419,23:38,#REF!,1031,840,191,56.44704206,0,0,0,0,1,2,2,1,9,0,0,0,5,0,110,0,0,29,23,0,3,2,1,2,0,0,1,0,0,0,0,0,0
1420,23:39,#REF!,1031,840,191,56.44704206,0,0,0,0,1,2,2,1,9,0,0,0,5,0,110,0,0,29,23,0,3,2,1,2,0,0,1,0,0,0,0,0,0
1421,23:40,#REF!,49,0,49,4.624576839,0,0,0,0,1,2,2,1,9,0,0,0,5,0,3,0,0,2,15,0,3,2,1,2,0,0,1,0,0,0,0,0,0
1422,23:41,#REF!,49,0,49,4.624576839,0,0,0,0,1,2,2,1,9,0,0,0,5,0,3,0,0,2,15,0,3,2,1,2,0,0,1,0,0,0,0,0,0
1423,23:42,#REF!,49,0,49,4.624576839,0,0,0,0,1,2,2,1,9,0,0,0,5,0,3,0,0,2,15,0,3,2,1,2,0,0,1,0,0,0,0,0,0
1424,23:43,#REF!,49,0,49,4.624576839,0,0,0,0,1,2,2,1,9,0,0,0,5,0,3,0,0,2,15,0,3,2,1,2,0,0,1,0,0,0,0,0,0
1425,23:44,#REF!,49,0,49,4.624576839,0,0,0,0,1,2,2,1,9,0,0,0,5,0,3,0,0,2,15,0,3,2,1,2,0,0,1,0,0,0,0,0,0
1426,23:45,#REF!,49,0,49,4.624576839,0,0,0,0,1,2,2,1,9,0,0,0,5,0,3,0,0,2,15,0,3,2,1,2,0,0,1,0,0,0,0,0,0
1427,23:46,#REF!,49,0,49,4.624576839,0,0,0,0,1,2,2,1,9,0,0,0,5,0,3,0,0,2,15,0,3,2,1,2,0,0,1,0,0,0,0,0,0
1428,23:47,#REF!,49,0,49,4.624576839,0,0,0,0,1,2,2,1,9,0,0,0,5,0,3,0,0,2,15,0,3,2,1,2,0,0,1,0,0,0,0,0,0
1429,23:48,#REF!,49,0,49,4.624576839,0,0,0,0,1,2,2,1,9,0,0,0,5,0,3,0,0,2,15,0,3,2,1,2,0,0,1,0,0,0,0,0,0
1430,23:49,#REF!,49,0,49,4.624576839,0,0,0,0,1,2,2,1,9,0,0,0,5,0,3,0,0,2,15,0,3,2,1,2,0,0,1,0,0,0,0,0,0
1431,23:50,#REF!,49,0,49,4.624576839,0,0,0,0,1,2,2,1,9,0,0,0,5,0,3,0,0,2,15,0,3,2,1,2,0,0,1,0,0,0,0,0,0
1432,23:51,#REF!,49,0,49,4.624576839,0,0,0,0,1,2,2,1,9,0,0,0,5,0,3,0,0,2,15,0,3,2,1,2,0,0,1,0,0,0,0,0,0
1433,23:52,#REF!,49,0,49,4.624576839,0,0,0,0,1,2,2,1,9,0,0,0,5,0,3,0,0,2,15,0,3,2,1,2,0,0,1,0,0,0,0,0,0
1434,23:53,#REF!,49,0,49,4.624576839,0,0,0,0,1,2,2,1,9,0,0,0,5,0,3,0,0,2,15,0,3,2,1,2,0,0,1,0,0,0,0,0,0
1435,23:54,#REF!,49,0,49,4.624576839,0,0,0,0,1,2,2,1,9,0,0,0,5,0,3,0,0,2,15,0,3,2,1,2,0,0,1,0,0,0,0,0,0
1436,23:55,#REF!,49,0,49,4.624576839,0,0,0,0,1,2,2,1,9,0,0,0,5,0,3,0,0,2,15,0,3,2,1,2,0,0,1,0,0,0,0,0,0
1437,23:56,#REF!,49,0,49,4.624576839,0,0,0,0,1,2,2,1,9,0,0,0,5,0,3,0,0,2,15,0,3,2,1,2,0,0,1,0,0,0,0,0,0
1438,23:57,#REF!,49,0,49,4.624576839,0,0,0,0,1,2,2,1,9,0,0,0,5,0,3,0,0,2,15,0,3,2,1,2,0,0,1,0,0,0,0,0,0
1439,23:58,#REF!,49,0,49,4.624576839,0,0,0,0,1,2,2,1,9,0,0,0,5,0,3,0,0,2,15,0,3,2,1,2,0,0,1,0,0,0,0,0,0
1440,23:59,#REF!,49,0,49,4.624576839,0,0,0,0,1,2,2,1,9,0,0,0,5,0,3,0,0,2,15,0,3,2,1,2,0,0,1,0,0,0,0,0,0
